0 1 1
1 3.24483 2
2 2.5 3.24483
3 3.83446 4.99753
4 5.39003 6.09735
5 6.26135 6.87746
6 1 2
7 3.33333 4.16441
8 4.40454 5.97588
9 5.80357 6.77034
10 6.77034 1
11 7.87337 3.33333
12 8.83778 4.16441
13 2 4.84749
14 4.92064 2.9
15 6.51909 3.83446
16 7.5262 5.19763
17 1 5.92867
18 3.33333 2
19 5.05378 3.83446
20 6.306 5.19763
21 1 6.09735
22 2 1
23 4.16441 3.33333
24 5.97588 4.40454
25 6.77034 5.80357
26 1 6.77034
27 3.33333 7.87337
28 4.16441 8.83778
29 4.84749 2
30 2.9 4.92064
31 3.83446 6.51909
32 5.19763 7.5262
33 5.92867 1
34 2 3.33333
35 3.83446 5.05378
36 5.19763 6.306
37 6.09735 1
38 1 2
39 3.33333 4.16441
40 4.40454 5.97588
41 5.80357 6.77034
42 6.77034 1
43 7.87337 3.33333
44 8.83778 4.16441
45 2 4.84749
46 4.92064 2.9
47 6.51909 3.83446
48 7.5262 5.19763
49 1 5.92867
50 3.33333 2
51 5.05378 3.83446
52 6.306 5.19763
53 1 6.09735
54 2 1
55 4.16441 3.33333
56 5.97588 4.40454
57 6.77034 5.80357
58 1 6.77034
59 3.33333 7.87337
60 4.16441 8.83778
61 4.84749 2
62 2.9 4.92064
63 3.83446 6.51909
64 5.19763 7.5262
65 5.92867 1
66 2 3.33333
67 3.83446 5.05378
68 5.19763 6.306
69 6.09735 1
70 1 2
71 3.33333 4.16441
72 4.40454 5.97588
73 5.80357 6.77034
74 6.77034 1
75 7.87337 3.33333
76 8.83778 4.16441
77 2 4.84749
78 4.92064 2.9
79 6.51909 3.83446
80 7.5262 5.19763
81 1 5.92867
82 3.33333 2
83 5.05378 3.83446
84 6.306 5.19763
85 1 6.09735
86 2 1
87 4.16441 3.33333
88 5.97588 4.40454
89 6.77034 5.80357
90 1 6.77034
91 3.33333 7.87337
92 4.16441 8.83778
93 4.84749 2
94 2.9 4.92064
95 3.83446 6.51909
96 5.19763 7.5262
97 5.92867 1
98 2 3.33333
99 3.83446 5.05378
100 5.19763 6.306
101 6.09735 1
102 1 2
103 3.33333 4.16441
104 4.40454 5.97588
105 5.80357 6.77034
106 6.77034 1
107 7.87337 3.33333
108 8.83778 4.16441
109 2 4.84749
110 4.92064 2.9
111 6.51909 3.83446
112 7.5262 5.19763
113 1 5.92867
114 3.33333 2
115 5.05378 3.83446
116 6.306 5.19763
117 1 6.09735
118 2 1
119 4.16441 3.33333
120 5.97588 4.40454
121 6.77034 5.80357
122 1 6.77034
123 3.33333 7.87337
124 4.16441 8.83778
125 4.84749 2
126 2.9 4.92064
127 3.83446 6.51909
128 5.19763 7.5262
129 5.92867 1
130 2 3.33333
131 3.83446 5.05378
132 5.19763 6.306
133 6.09735 1
134 1 2
135 3.33333 4.16441
136 4.40454 5.97588
137 5.80357 6.77034
138 6.77034 1
139 7.87337 3.33333
140 8.83778 4.16441
141 2 4.84749
142 4.92064 2.9
143 6.51909 3.83446
144 7.5262 5.19763
145 1 5.92867
146 3.33333 2
147 5.05378 3.83446
148 6.306 5.19763
149 1 6.09735
150 2 1
151 4.16441 3.33333
152 5.97588 4.40454
153 6.77034 5.80357
154 1 6.77034
155 3.33333 7.87337
156 4.16441 8.83778
157 4.84749 2
158 2.9 4.92064
159 3.83446 6.51909
160 5.19763 7.5262
161 5.92867 1
162 2 3.33333
163 3.83446 5.05378
164 5.19763 6.306
165 6.09735 1
166 1 2
167 3.33333 4.16441
168 4.40454 5.97588
169 5.80357 6.77034
170 6.77034 1
171 7.87337 3.33333
172 8.83778 4.16441
173 2 4.84749
174 4.92064 2.9
175 6.51909 3.83446
176 7.5262 5.19763
177 1 5.92867
178 3.33333 2
179 5.05378 3.83446
180 6.306 5.19763
181 1 6.09735
182 2 1
183 4.16441 3.33333
184 5.97588 4.40454
185 6.77034 5.80357
186 1 6.77034
187 3.33333 7.87337
188 4.16441 8.83778
189 4.84749 2
190 2.9 4.92064
191 3.83446 6.51909
192 5.19763 7.5262
193 5.92867 1
194 2 3.33333
195 3.83446 5.05378
196 5.19763 6.306
197 6.09735 1
198 1 2
199 3.33333 4.16441
200 4.40454 5.97588
201 5.80357 6.77034
202 6.77034 1
203 7.87337 3.33333
204 8.83778 4.16441
205 2 4.84749
206 4.92064 2.9
207 6.51909 3.83446
208 7.5262 5.19763
209 1 5.92867
210 3.33333 2
211 5.05378 3.83446
212 6.306 5.19763
213 1 6.09735
214 2 1
215 4.16441 3.33333
216 5.97588 4.40454
217 6.77034 5.80357
218 1 6.77034
219 3.33333 7.87337
220 4.16441 8.83778
221 4.84749 2
222 2.9 4.92064
223 3.83446 6.51909
224 5.19763 7.5262
225 5.92867 1
226 2 3.33333
227 3.83446 5.05378
228 5.19763 6.306
229 6.09735 1
230 1 2
231 3.33333 4.16441
232 4.40454 5.97588
233 5.80357 6.77034
234 6.77034 1
235 7.87337 3.33333
236 8.83778 4.16441
237 2 4.84749
238 4.92064 2.9
239 6.51909 3.83446
240 7.5262 5.19763
241 1 5.92867
242 3.33333 2
243 5.05378 3.83446
244 6.306 5.19763
245 1 6.09735
246 2 1
247 4.16441 3.33333
248 5.97588 4.40454
249 6.77034 5.80357
250 1 6.77034
251 3.33333 7.87337
252 4.16441 8.83778
253 4.84749 2
254 2.9 4.92064
255 3.83446 6.51909
256 5.19763 7.5262
257 5.92867 1
258 2 3.33333
259 3.83446 5.05378
260 5.19763 6.306
261 6.09735 1
262 1 2
263 3.33333 4.16441
264 4.40454 5.97588
265 5.80357 6.77034
266 6.77034 1
267 7.87337 3.33333
268 8.83778 4.16441
269 2 4.84749
270 4.92064 2.9
271 6.51909 3.83446
272 7.5262 5.19763
273 1 5.92867
274 3.33333 2
275 5.05378 3.83446
276 6.306 5.19763
277 1 6.09735
278 2 1
279 4.16441 3.33333
280 5.97588 4.40454
281 6.77034 5.80357
282 1 6.77034
283 3.33333 7.87337
284 4.16441 8.83778
285 4.84749 2
286 2.9 4.92064
287 3.83446 6.51909
288 5.19763 7.5262
289 5.92867 1
290 2 3.33333
291 3.83446 5.05378
292 5.19763 6.306
293 6.09735 1
294 1 2
295 3.33333 4.16441
296 4.40454 5.97588
297 5.80357 6.77034
298 6.77034 1
299 7.87337 3.33333
300 8.83778 4.16441
301 2 4.84749
302 4.92064 2.9
303 6.51909 3.83446
304 7.5262 5.19763
305 1 5.92867
306 3.33333 2
307 5.05378 3.83446
308 6.306 5.19763
309 1 6.09735
310 2 1
311 4.16441 3.33333
312 5.97588 4.40454
313 6.77034 5.80357
314 1 6.77034
315 3.33333 7.87337
316 4.16441 8.83778
317 4.84749 2
318 2.9 4.92064
319 3.83446 6.51909
320 5.19763 7.5262
321 5.92867 1
322 2 3.33333
323 3.83446 5.05378
324 5.19763 6.306
325 6.09735 1
326 1 2
327 3.33333 4.16441
328 4.40454 5.97588
329 5.80357 6.77034
330 6.77034 1
331 7.87337 3.33333
332 8.83778 4.16441
333 2 4.84749
334 4.92064 2.9
335 6.51909 3.83446
336 7.5262 5.19763
337 1 5.92867
338 3.33333 2
339 5.05378 3.83446
340 6.306 5.19763
341 1 6.09735
342 2 1
343 4.16441 3.33333
344 5.97588 4.40454
345 6.77034 5.80357
346 1 6.77034
347 3.33333 7.87337
348 4.16441 8.83778
349 4.84749 2
350 2.9 4.92064
351 3.83446 6.51909
352 5.19763 7.5262
353 5.92867 1
354 2 3.33333
355 3.83446 5.05378
356 5.19763 6.306
357 6.09735 1
358 1 2
359 3.33333 4.16441
360 4.40454 5.97588
361 5.80357 6.77034
362 6.77034 1
363 7.87337 3.33333
364 8.83778 4.16441
365 2 4.84749
366 4.92064 2.9
367 6.51909 3.83446
368 7.5262 5.19763
369 1 5.92867
370 3.33333 2
371 5.05378 3.83446
372 6.306 5.19763
373 1 6.09735
374 2 1
375 4.16441 3.33333
376 5.97588 4.40454
377 6.77034 5.80357
378 1 6.77034
379 3.33333 7.87337
380 4.16441 8.83778
381 4.84749 2
382 2.9 4.92064
383 3.83446 6.51909
384 5.19763 7.5262
385 5.92867 1
386 2 3.33333
387 3.83446 5.05378
388 5.19763 6.306
389 6.09735 1
390 1 2
391 3.33333 4.16441
392 4.40454 5.97588
393 5.80357 6.77034
394 6.77034 1
395 7.87337 3.33333
396 8.83778 4.16441
397 2 4.84749
398 4.92064 2.9
399 6.51909 3.83446
400 7.5262 5.19763
401 1 5.92867
402 3.33333 2
403 5.05378 3.83446
404 6.306 5.19763
405 1 6.09735
406 2 1
407 4.16441 3.33333
408 5.97588 4.40454
409 6.77034 5.80357
410 1 6.77034
411 3.33333 7.87337
412 4.16441 8.83778
413 4.84749 2
414 2.9 4.92064
415 3.83446 6.51909
416 5.19763 7.5262
417 5.92867 1
418 2 3.33333
419 3.83446 5.05378
420 5.19763 6.306
421 6.09735 1
422 1 2
423 3.33333 4.16441
424 4.40454 5.97588
425 5.80357 6.77034
426 6.77034 1
427 7.87337 3.33333
428 8.83778 4.16441
429 2 4.84749
430 4.92064 2.9
431 6.51909 3.83446
432 7.5262 5.19763
433 1 5.92867
434 3.33333 2
435 5.05378 3.83446
436 6.306 5.19763
437 1 6.09735
438 2 1
439 4.16441 3.33333
440 5.97588 4.40454
441 6.77034 5.80357
442 1 6.77034
443 3.33333 7.87337
444 4.16441 8.83778
445 4.84749 2
446 2.9 4.92064
447 3.83446 6.51909
448 5.19763 7.5262
449 5.92867 1
450 2 3.33333
451 3.83446 5.05378
452 5.19763 6.306
453 6.09735 1
454 1 2
455 3.33333 4.16441
456 4.40454 5.97588
457 5.80357 6.77034
458 6.77034 1
459 7.87337 3.33333
460 8.83778 4.16441
461 2 4.84749
462 4.92064 2.9
463 6.51909 3.83446
464 7.5262 5.19763
465 1 5.92867
466 3.33333 2
467 5.05378 3.83446
468 6.306 5.19763
469 1 6.09735
470 2 1
471 4.16441 3.33333
472 5.97588 4.40454
473 6.77034 5.80357
474 1 6.77034
475 3.33333 7.87337
476 4.16441 8.83778
477 4.84749 2
478 2.9 4.92064
479 3.83446 6.51909
480 5.19763 7.5262
481 5.92867 1
482 2 3.33333
483 3.83446 5.05378
484 5.19763 6.306
485 6.09735 1
486 1 2
487 3.33333 4.16441
488 4.40454 5.97588
489 5.80357 6.77034
490 6.77034 1
491 7.87337 3.33333
492 8.83778 4.16441
493 2 4.84749
494 4.92064 2.9
495 6.51909 3.83446
496 7.5262 5.19763
497 1 5.92867
498 3.33333 2
499 5.05378 3.83446
500 6.306 5.19763
501 1 6.09735
502 2 1
503 4.16441 3.33333
504 5.97588 4.40454
505 6.77034 5.80357
506 1 6.77034
507 3.33333 7.87337
508 4.16441 8.83778
509 4.84749 2
510 2.9 4.92064
511 3.83446 6.51909
512 5.19763 7.5262
513 5.92867 1
514 2 3.33333
515 3.83446 5.05378
516 5.19763 6.306
517 6.09735 1
518 1 2
519 3.33333 4.16441
520 4.40454 5.97588
521 5.80357 6.77034
522 6.77034 1
523 7.87337 3.33333
524 8.83778 4.16441
525 2 4.84749
526 4.92064 2.9
527 6.51909 3.83446
528 7.5262 5.19763
529 1 5.92867
530 3.33333 2
531 5.05378 3.83446
532 6.306 5.19763
533 1 6.09735
534 2 1
535 4.16441 3.33333
536 5.97588 4.40454
537 6.77034 5.80357
538 1 6.77034
539 3.33333 7.87337
540 4.16441 8.83778
541 4.84749 2
542 2.9 4.92064
543 3.83446 6.51909
544 5.19763 7.5262
545 5.92867 1
546 2 3.33333
547 3.83446 5.05378
548 5.19763 6.306
549 6.09735 1
550 1 2
551 3.33333 4.16441
552 4.40454 5.97588
553 5.80357 6.77034
554 6.77034 1
555 7.87337 3.33333
556 8.83778 4.16441
557 2 4.84749
558 4.92064 2.9
559 6.51909 3.83446
560 7.5262 5.19763
561 1 5.92867
562 3.33333 2
563 5.05378 3.83446
564 6.306 5.19763
565 1 6.09735
566 2 1
567 4.16441 3.33333
568 5.97588 4.40454
569 6.77034 5.80357
570 1 6.77034
571 3.33333 7.87337
572 4.16441 8.83778
573 4.84749 2
574 2.9 4.92064
575 3.83446 6.51909
576 5.19763 7.5262
577 5.92867 1
578 2 3.33333
579 3.83446 5.05378
580 5.19763 6.306
581 6.09735 1
582 1 2
583 3.33333 4.16441
584 4.40454 5.97588
585 5.80357 6.77034
586 6.77034 1
587 7.87337 3.33333
588 8.83778 4.16441
589 2 4.84749
590 4.92064 2.9
591 6.51909 3.83446
592 7.5262 5.19763
593 1 5.92867
594 3.33333 2
595 5.05378 3.83446
596 6.306 5.19763
597 1 6.09735
598 2 1
599 4.16441 3.33333
600 5.97588 4.40454
601 6.77034 5.80357
602 1 6.77034
603 3.33333 7.87337
604 4.16441 8.83778
605 4.84749 2
606 2.9 4.92064
607 3.83446 6.51909
608 5.19763 7.5262
609 5.92867 1
610 2 3.33333
611 3.83446 5.05378
612 5.19763 6.306
613 6.09735 1
614 1 2
615 3.33333 4.16441
616 4.40454 5.97588
617 5.80357 6.77034
618 6.77034 1
619 7.87337 3.33333
620 8.83778 4.16441
621 2 4.84749
622 4.92064 2.9
623 6.51909 3.83446
624 7.5262 5.19763
625 1 5.92867
626 3.33333 2
627 5.05378 3.83446
628 6.306 5.19763
629 1 6.09735
630 2 1
631 4.16441 3.33333
632 5.97588 4.40454
633 6.77034 5.80357
634 1 6.77034
635 3.33333 7.87337
636 4.16441 8.83778
637 4.84749 2
638 2.9 4.92064
639 3.83446 6.51909
640 5.19763 7.5262
641 5.92867 1
642 2 3.33333
643 3.83446 5.05378
644 5.19763 6.306
645 6.09735 1
646 1 2
647 3.33333 4.16441
648 4.40454 5.97588
649 5.80357 6.77034
650 6.77034 1
651 7.87337 3.33333
652 8.83778 4.16441
653 2 4.84749
654 4.92064 2.9
655 6.51909 3.83446
656 7.5262 5.19763
657 1 5.92867
658 3.33333 2
659 5.05378 3.83446
660 6.306 5.19763
661 1 6.09735
662 2 1
663 4.16441 3.33333
664 5.97588 4.40454
665 6.77034 5.80357
666 1 6.77034
667 3.33333 7.87337
668 4.16441 8.83778
669 4.84749 2
670 2.9 4.92064
671 3.83446 6.51909
672 5.19763 7.5262
673 5.92867 1
674 2 3.33333
675 3.83446 5.05378
676 5.19763 6.306
677 6.09735 1
678 1 2
679 3.33333 4.16441
680 4.40454 5.97588
681 5.80357 6.77034
682 6.77034 1
683 7.87337 3.33333
684 8.83778 4.16441
685 2 4.84749
686 4.92064 2.9
687 6.51909 3.83446
688 7.5262 5.19763
689 1 5.92867
690 3.33333 2
691 5.05378 3.83446
692 6.306 5.19763
693 1 6.09735
694 2 1
695 4.16441 3.33333
696 5.97588 4.40454
697 6.77034 5.80357
698 1 6.77034
699 3.33333 7.87337
700 4.16441 8.83778
701 4.84749 2
702 2.9 4.92064
703 3.83446 6.51909
704 5.19763 7.5262
705 5.92867 1
706 2 3.33333
707 3.83446 5.05378
708 5.19763 6.306
709 6.09735 1
710 1 2
711 3.33333 4.16441
712 4.40454 5.97588
713 5.80357 6.77034
714 6.77034 1
715 7.87337 3.33333
716 8.83778 4.16441
717 2 4.84749
718 4.92064 2.9
719 6.51909 3.83446
720 7.5262 5.19763
721 1 5.92867
722 3.33333 2
723 5.05378 3.83446
724 6.306 5.19763
725 1 6.09735
726 2 1
727 4.16441 3.33333
728 5.97588 4.40454
729 6.77034 5.80357
730 1 6.77034
731 3.33333 7.87337
732 4.16441 8.83778
733 4.84749 2
734 2.9 4.92064
735 3.83446 6.51909
736 5.19763 7.5262
737 5.92867 1
738 2 3.33333
739 3.83446 5.05378
740 5.19763 6.306
741 6.09735 1
742 1 2
743 3.33333 4.16441
744 4.40454 5.97588
745 5.80357 6.77034
746 6.77034 1
747 7.87337 3.33333
748 8.83778 4.16441
749 2 4.84749
750 4.92064 2.9
751 6.51909 3.83446
752 7.5262 5.19763
753 1 5.92867
754 3.33333 2
755 5.05378 3.83446
756 6.306 5.19763
757 1 6.09735
758 2 1
759 4.16441 3.33333
760 5.97588 4.40454
761 6.77034 5.80357
762 1 6.77034
763 3.33333 7.87337
764 4.16441 8.83778
765 4.84749 2
766 2.9 4.92064
767 3.83446 6.51909
768 5.19763 7.5262
769 5.92867 1
770 2 3.33333
771 3.83446 5.05378
772 5.19763 6.306
773 6.09735 1
774 1 2
775 3.33333 4.16441
776 4.40454 5.97588
777 5.80357 6.77034
778 6.77034 1
779 7.87337 3.33333
780 8.83778 4.16441
781 2 4.84749
782 4.92064 2.9
783 6.51909 3.83446
784 7.5262 5.19763
785 1 5.92867
786 3.33333 2
787 5.05378 3.83446
788 6.306 5.19763
789 1 6.09735
790 2 1
791 4.16441 3.33333
792 5.97588 4.40454
793 6.77034 5.80357
794 1 6.77034
795 3.33333 7.87337
796 4.16441 8.83778
797 4.84749 2
798 2.9 4.92064
799 3.83446 6.51909
800 5.19763 7.5262
801 5.92867 1
802 2 3.33333
803 3.83446 5.05378
804 5.19763 6.306
805 6.09735 1
806 1 2
807 3.33333 4.16441
808 4.40454 5.97588
809 5.80357 6.77034
810 6.77034 1
811 7.87337 3.33333
812 8.83778 4.16441
813 2 4.84749
814 4.92064 2.9
815 6.51909 3.83446
816 7.5262 5.19763
817 1 5.92867
818 3.33333 2
819 5.05378 3.83446
820 6.306 5.19763
821 1 6.09735
822 2 1
823 4.16441 3.33333
824 5.97588 4.40454
825 6.77034 5.80357
826 1 6.77034
827 3.33333 7.87337
828 4.16441 8.83778
829 4.84749 2
830 2.9 4.92064
831 3.83446 6.51909
832 5.19763 7.5262
833 5.92867 1
834 2 3.33333
835 3.83446 5.05378
836 5.19763 6.306
837 6.09735 1
838 1 2
839 3.33333 4.16441
840 4.40454 5.97588
841 5.80357 6.77034
842 6.77034 1
843 7.87337 3.33333
844 8.83778 4.16441
845 2 4.84749
846 4.92064 2.9
847 6.51909 3.83446
848 7.5262 5.19763
849 1 5.92867
850 3.33333 2
851 5.05378 3.83446
852 6.306 5.19763
853 1 6.09735
854 2 1
855 4.16441 3.33333
856 5.97588 4.40454
857 6.77034 5.80357
858 1 6.77034
859 3.33333 7.87337
860 4.16441 8.83778
861 4.84749 2
862 2.9 4.92064
863 3.83446 6.51909
864 5.19763 7.5262
865 5.92867 1
866 2 3.33333
867 3.83446 5.05378
868 5.19763 6.306
869 6.09735 1
870 1 2
871 3.33333 4.16441
872 4.40454 5.97588
873 5.80357 6.77034
874 6.77034 1
875 7.87337 3.33333
876 8.83778 4.16441
877 2 4.84749
878 4.92064 2.9
879 6.51909 3.83446
880 7.5262 5.19763
881 1 5.92867
882 3.33333 2
883 5.05378 3.83446
884 6.306 5.19763
885 1 6.09735
886 2 1
887 4.16441 3.33333
888 5.97588 4.40454
889 6.77034 5.80357
890 1 6.77034
891 3.33333 7.87337
892 4.16441 8.83778
893 4.84749 2
894 2.9 4.92064
895 3.83446 6.51909
896 5.19763 7.5262
897 5.92867 1
898 2 3.33333
899 3.83446 5.05378
900 5.19763 6.306
901 6.09735 1
902 1 2
903 3.33333 4.16441
904 4.40454 5.97588
905 5.80357 6.77034
906 6.77034 1
907 7.87337 3.33333
908 8.83778 4.16441
909 2 4.84749
910 4.92064 2.9
911 6.51909 3.83446
912 7.5262 5.19763
913 1 5.92867
914 3.33333 2
915 5.05378 3.83446
916 6.306 5.19763
917 1 6.09735
918 2 1
919 4.16441 3.33333
920 5.97588 4.40454
921 6.77034 5.80357
922 1 6.77034
923 3.33333 7.87337
924 4.16441 8.83778
925 4.84749 2
926 2.9 4.92064
927 3.83446 6.51909
928 5.19763 7.5262
929 5.92867 1
930 2 3.33333
931 3.83446 5.05378
932 5.19763 6.306
933 6.09735 1
934 1 2
935 3.33333 4.16441
936 4.40454 5.97588
937 5.80357 6.77034
938 6.77034 1
939 7.87337 3.33333
940 8.83778 4.16441
941 2 4.84749
942 4.92064 2.9
943 6.51909 3.83446
944 7.5262 5.19763
945 1 5.92867
946 3.33333 2
947 5.05378 3.83446
948 6.306 5.19763
949 1 6.09735
950 2 1
951 4.16441 3.33333
952 5.97588 4.40454
953 6.77034 5.80357
954 1 6.77034
955 3.33333 7.87337
956 4.16441 8.83778
957 4.84749 2
958 2.9 4.92064
959 3.83446 6.51909
960 5.19763 7.5262
961 5.92867 1
962 2 3.33333
963 3.83446 5.05378
964 5.19763 6.306
965 6.09735 1
966 1 2
967 3.33333 4.16441
968 4.40454 5.97588
969 5.80357 6.77034
970 6.77034 1
971 7.87337 3.33333
972 8.83778 4.16441
973 2 4.84749
974 4.92064 2.9
975 6.51909 3.83446
976 7.5262 5.19763
977 1 5.92867
978 3.33333 2
979 5.05378 3.83446
980 6.306 5.19763
981 1 6.09735
982 2 1
983 4.16441 3.33333
984 5.97588 4.40454
985 6.77034 5.80357
986 1 6.77034
987 3.33333 7.87337
988 4.16441 8.83778
989 4.84749 2
990 2.9 4.92064
991 3.83446 6.51909
992 5.19763 7.5262
993 5.92867 1
994 2 3.33333
995 3.83446 5.05378
996 5.19763 6.306
997 6.09735 1
998 1 2
999 3.33333 4.16441
