0 1 1
1 3.24483 2
2 2.5 2.9
3 4.56988 2
4 6.26135 3.55301
5 7.44171 4.56988
6 3.91891 5.75491
7 4.64023 2.96434
8 5.98252 3.88198
9 7.20967 5.03355
10 3.93919 5.78605
11 4.19305 3.23868
12 5.99556 4.09049
13 6.78767 5.75157
14 7.88823 2.96272
15 4.19766 3.30025
16 5.46723 5.03263
17 6.63986 5.95811
18 3.46886 6.90276
19 4.0233 3.74112
20 5.33632 5.13035
21 6.53312 6.20596
22 3.41787 6.82719
23 4.23122 3.97633
24 5.49273 5.30152
25 6.66075 6.34735
26 3.40544 6.80881
27 4.45824 4.22053
28 6.01509 5.09968
29 6.80487 6.50024
30 3.40243 3.40218
31 4.68041 4.4558
32 6.17973 5.29438
33 6.80341 6.65298
34 3.40171 3.40165
35 4.89357 4.67985
36 6.34118 5.48293
37 6.80306 6.80303
38 3.69552 3.40152
39 5.09781 4.89344
40 6.34109 6.01294
41 3.40149 6.80297
42 3.96608 3.69547
43 5.29394 5.09778
44 6.49877 6.17923
45 3.40148 6.80296
46 4.21821 3.96607
47 5.48283 5.29394
48 6.65264 6.34106
49 3.40148 6.80295
50 4.45527 4.21821
51 6.01292 5.09777
52 6.80295 6.34106
53 3.40148 3.40148
54 4.67973 4.45527
55 6.17922 5.29394
56 6.80295 6.49876
57 3.40148 3.40148
58 4.89341 4.67973
59 6.34106 5.48283
60 6.80295 6.65264
61 3.40148 3.40148
62 5.09777 4.67973
63 6.17922 6.01292
64 3.40148 6.80295
65 3.69547 3.69547
66 5.29394 4.89341
67 6.34106 6.17922
68 3.40148 6.80295
69 3.96607 3.96607
70 5.48283 5.09777
71 6.49876 6.34106
72 3.40148 6.80295
73 4.21821 4.21821
74 6.01292 5.09777
75 6.80295 6.34106
76 3.40148 3.40148
77 4.45527 4.45527
78 6.17922 5.29394
79 6.80295 6.49876
80 3.40148 3.40148
81 4.67973 4.67973
82 6.34106 5.48283
83 6.80295 6.65264
84 3.40148 3.40148
85 5.09777 4.67973
86 6.17922 6.01292
87 3.40148 6.80295
88 3.69547 3.40148
89 5.29394 4.89341
90 6.34106 6.17922
91 3.40148 6.80295
92 3.96607 3.69547
93 5.48283 5.09777
94 6.49876 6.34106
95 3.40148 6.80295
96 4.21821 3.96607
97 5.84173 5.09777
98 6.80295 6.17922
99 3.40148 3.40148
