0 1 1
1 5 3
2 5.25 2.625
3 4.25 2.625
4 4.25 2.625
5 4.25 2.625
6 4.25 2.625
7 4.25 2.625
8 4.25 2.625
9 4.25 2.625
10 4.25 2.625
11 4.25 2.625
12 4.25 2.625
13 4.25 2.625
14 4.25 2.625
15 4.25 2.625
16 4.25 2.625
17 4.25 2.625
18 4.25 2.625
19 4.25 2.625
20 4.25 2.625
21 4.25 2.625
22 4.25 2.625
23 4.25 2.625
24 4.25 2.625
25 4.25 2.625
26 4.25 2.625
27 4.25 2.625
28 4.25 2.625
29 4.25 2.625
30 4.25 2.625
31 4.25 2.625
32 4.25 2.625
33 4.25 2.625
34 4.25 2.625
35 4.25 2.625
36 4.25 2.625
37 4.25 2.625
38 4.25 2.625
39 4.25 2.625
40 4.25 2.625
41 4.25 2.625
42 4.25 2.625
43 4.25 2.625
44 4.25 2.625
45 4.25 2.625
46 4.25 2.625
47 4.25 2.625
48 4.25 2.625
49 4.25 2.625
50 4.25 2.625
51 4.25 2.625
52 4.25 2.625
53 4.25 2.625
54 4.25 2.625
55 4.25 2.625
56 4.25 2.625
57 4.25 2.625
58 4.25 2.625
59 4.25 2.625
60 4.25 2.625
61 4.25 2.625
62 4.25 2.625
63 4.25 2.625
64 4.25 2.625
65 4.25 2.625
66 4.25 2.625
67 4.25 2.625
68 4.25 2.625
69 4.25 2.625
70 4.25 2.625
71 4.25 2.625
72 4.25 2.625
73 4.25 2.625
74 4.25 2.625
75 4.25 2.625
76 4.25 2.625
77 4.25 2.625
78 4.25 2.625
79 4.25 2.625
80 4.25 2.625
81 4.25 2.625
82 4.25 2.625
83 4.25 2.625
84 4.25 2.625
85 4.25 2.625
86 4.25 2.625
87 4.25 2.625
88 4.25 2.625
89 4.25 2.625
90 4.25 2.625
91 4.25 2.625
92 4.25 2.625
93 4.25 2.625
94 4.25 2.625
95 4.25 2.625
96 4.25 2.625
97 4.25 2.625
98 4.25 2.625
99 4.25 2.625
100 4.25 2.625
101 4.25 2.625
102 4.25 2.625
103 4.25 2.625
104 4.25 2.625
105 4.25 2.625
106 4.25 2.625
107 4.25 2.625
108 4.25 2.625
109 4.25 2.625
110 4.25 2.625
111 4.25 2.625
112 4.25 2.625
113 4.25 2.625
114 4.25 2.625
115 4.25 2.625
116 4.25 2.625
117 4.25 2.625
118 4.25 2.625
119 4.25 2.625
120 4.25 2.625
121 4.25 2.625
122 4.25 2.625
123 4.25 2.625
124 4.25 2.625
125 4.25 2.625
126 4.25 2.625
127 4.25 2.625
128 4.25 2.625
129 4.25 2.625
130 4.25 2.625
131 4.25 2.625
132 4.25 2.625
133 4.25 2.625
134 4.25 2.625
135 4.25 2.625
136 4.25 2.625
137 4.25 2.625
138 4.25 2.625
139 4.25 2.625
140 4.25 2.625
141 4.25 2.625
142 4.25 2.625
143 4.25 2.625
144 4.25 2.625
145 4.25 2.625
146 4.25 2.625
147 4.25 2.625
148 4.25 2.625
149 4.25 2.625
150 4.25 2.625
151 4.25 2.625
152 4.25 2.625
153 4.25 2.625
154 4.25 2.625
155 4.25 2.625
156 4.25 2.625
157 4.25 2.625
158 4.25 2.625
159 4.25 2.625
160 4.25 2.625
161 4.25 2.625
162 4.25 2.625
163 4.25 2.625
164 4.25 2.625
165 4.25 2.625
166 4.25 2.625
167 4.25 2.625
168 4.25 2.625
169 4.25 2.625
170 4.25 2.625
171 4.25 2.625
172 4.25 2.625
173 4.25 2.625
174 4.25 2.625
175 4.25 2.625
176 4.25 2.625
177 4.25 2.625
178 4.25 2.625
179 4.25 2.625
180 4.25 2.625
181 4.25 2.625
182 4.25 2.625
183 4.25 2.625
184 4.25 2.625
185 4.25 2.625
186 4.25 2.625
187 4.25 2.625
188 4.25 2.625
189 4.25 2.625
190 4.25 2.625
191 4.25 2.625
192 4.25 2.625
193 4.25 2.625
194 4.25 2.625
195 4.25 2.625
196 4.25 2.625
197 4.25 2.625
198 4.25 2.625
199 4.25 2.625
200 4.25 2.625
201 4.25 2.625
202 4.25 2.625
203 4.25 2.625
204 4.25 2.625
205 4.25 2.625
206 4.25 2.625
207 4.25 2.625
208 4.25 2.625
209 4.25 2.625
210 4.25 2.625
211 4.25 2.625
212 4.25 2.625
213 4.25 2.625
214 4.25 2.625
215 4.25 2.625
216 4.25 2.625
217 4.25 2.625
218 4.25 2.625
219 4.25 2.625
220 4.25 2.625
221 4.25 2.625
222 4.25 2.625
223 4.25 2.625
224 4.25 2.625
225 4.25 2.625
226 4.25 2.625
227 4.25 2.625
228 4.25 2.625
229 4.25 2.625
230 4.25 2.625
231 4.25 2.625
232 4.25 2.625
233 4.25 2.625
234 4.25 2.625
235 4.25 2.625
236 4.25 2.625
237 4.25 2.625
238 4.25 2.625
239 4.25 2.625
240 4.25 2.625
241 4.25 2.625
242 4.25 2.625
243 4.25 2.625
244 4.25 2.625
245 4.25 2.625
246 4.25 2.625
247 4.25 2.625
248 4.25 2.625
249 4.25 2.625
250 4.25 2.625
251 4.25 2.625
252 4.25 2.625
253 4.25 2.625
254 4.25 2.625
255 4.25 2.625
256 4.25 2.625
257 4.25 2.625
258 4.25 2.625
259 4.25 2.625
260 4.25 2.625
261 4.25 2.625
262 4.25 2.625
263 4.25 2.625
264 4.25 2.625
265 4.25 2.625
266 4.25 2.625
267 4.25 2.625
268 4.25 2.625
269 4.25 2.625
270 4.25 2.625
271 4.25 2.625
272 4.25 2.625
273 4.25 2.625
274 4.25 2.625
275 4.25 2.625
276 4.25 2.625
277 4.25 2.625
278 4.25 2.625
279 4.25 2.625
280 4.25 2.625
281 4.25 2.625
282 4.25 2.625
283 4.25 2.625
284 4.25 2.625
285 4.25 2.625
286 4.25 2.625
287 4.25 2.625
288 4.25 2.625
289 4.25 2.625
290 4.25 2.625
291 4.25 2.625
292 4.25 2.625
293 4.25 2.625
294 4.25 2.625
295 4.25 2.625
296 4.25 2.625
297 4.25 2.625
298 4.25 2.625
299 4.25 2.625
300 4.25 2.625
301 4.25 2.625
302 4.25 2.625
303 4.25 2.625
304 4.25 2.625
305 4.25 2.625
306 4.25 2.625
307 4.25 2.625
308 4.25 2.625
309 4.25 2.625
310 4.25 2.625
311 4.25 2.625
312 4.25 2.625
313 4.25 2.625
314 4.25 2.625
315 4.25 2.625
316 4.25 2.625
317 4.25 2.625
318 4.25 2.625
319 4.25 2.625
320 4.25 2.625
321 4.25 2.625
322 4.25 2.625
323 4.25 2.625
324 4.25 2.625
325 4.25 2.625
326 4.25 2.625
327 4.25 2.625
328 4.25 2.625
329 4.25 2.625
330 4.25 2.625
331 4.25 2.625
332 4.25 2.625
333 4.25 2.625
334 4.25 2.625
335 4.25 2.625
336 4.25 2.625
337 4.25 2.625
338 4.25 2.625
339 4.25 2.625
340 4.25 2.625
341 4.25 2.625
342 4.25 2.625
343 4.25 2.625
344 4.25 2.625
345 4.25 2.625
346 4.25 2.625
347 4.25 2.625
348 4.25 2.625
349 4.25 2.625
350 4.25 2.625
351 4.25 2.625
352 4.25 2.625
353 4.25 2.625
354 4.25 2.625
355 4.25 2.625
356 4.25 2.625
357 4.25 2.625
358 4.25 2.625
359 4.25 2.625
360 4.25 2.625
361 4.25 2.625
362 4.25 2.625
363 4.25 2.625
364 4.25 2.625
365 4.25 2.625
366 4.25 2.625
367 4.25 2.625
368 4.25 2.625
369 4.25 2.625
370 4.25 2.625
371 4.25 2.625
372 4.25 2.625
373 4.25 2.625
374 4.25 2.625
375 4.25 2.625
376 4.25 2.625
377 4.25 2.625
378 4.25 2.625
379 4.25 2.625
380 4.25 2.625
381 4.25 2.625
382 4.25 2.625
383 4.25 2.625
384 4.25 2.625
385 4.25 2.625
386 4.25 2.625
387 4.25 2.625
388 4.25 2.625
389 4.25 2.625
390 4.25 2.625
391 4.25 2.625
392 4.25 2.625
393 4.25 2.625
394 4.25 2.625
395 4.25 2.625
396 4.25 2.625
397 4.25 2.625
398 4.25 2.625
399 4.25 2.625
400 4.25 2.625
401 4.25 2.625
402 4.25 2.625
403 4.25 2.625
404 4.25 2.625
405 4.25 2.625
406 4.25 2.625
407 4.25 2.625
408 4.25 2.625
409 4.25 2.625
410 4.25 2.625
411 4.25 2.625
412 4.25 2.625
413 4.25 2.625
414 4.25 2.625
415 4.25 2.625
416 4.25 2.625
417 4.25 2.625
418 4.25 2.625
419 4.25 2.625
420 4.25 2.625
421 4.25 2.625
422 4.25 2.625
423 4.25 2.625
424 4.25 2.625
425 4.25 2.625
426 4.25 2.625
427 4.25 2.625
428 4.25 2.625
429 4.25 2.625
430 4.25 2.625
431 4.25 2.625
432 4.25 2.625
433 4.25 2.625
434 4.25 2.625
435 4.25 2.625
436 4.25 2.625
437 4.25 2.625
438 4.25 2.625
439 4.25 2.625
440 4.25 2.625
441 4.25 2.625
442 4.25 2.625
443 4.25 2.625
444 4.25 2.625
445 4.25 2.625
446 4.25 2.625
447 4.25 2.625
448 4.25 2.625
449 4.25 2.625
450 4.25 2.625
451 4.25 2.625
452 4.25 2.625
453 4.25 2.625
454 4.25 2.625
455 4.25 2.625
456 4.25 2.625
457 4.25 2.625
458 4.25 2.625
459 4.25 2.625
460 4.25 2.625
461 4.25 2.625
462 4.25 2.625
463 4.25 2.625
464 4.25 2.625
465 4.25 2.625
466 4.25 2.625
467 4.25 2.625
468 4.25 2.625
469 4.25 2.625
470 4.25 2.625
471 4.25 2.625
472 4.25 2.625
473 4.25 2.625
474 4.25 2.625
475 4.25 2.625
476 4.25 2.625
477 4.25 2.625
478 4.25 2.625
479 4.25 2.625
480 4.25 2.625
481 4.25 2.625
482 4.25 2.625
483 4.25 2.625
484 4.25 2.625
485 4.25 2.625
486 4.25 2.625
487 4.25 2.625
488 4.25 2.625
489 4.25 2.625
490 4.25 2.625
491 4.25 2.625
492 4.25 2.625
493 4.25 2.625
494 4.25 2.625
495 4.25 2.625
496 4.25 2.625
497 4.25 2.625
498 4.25 2.625
499 4.25 2.625
500 4.25 2.625
501 4.25 2.625
502 4.25 2.625
503 4.25 2.625
504 4.25 2.625
505 4.25 2.625
506 4.25 2.625
507 4.25 2.625
508 4.25 2.625
509 4.25 2.625
510 4.25 2.625
511 4.25 2.625
512 4.25 2.625
513 4.25 2.625
514 4.25 2.625
515 4.25 2.625
516 4.25 2.625
517 4.25 2.625
518 4.25 2.625
519 4.25 2.625
520 4.25 2.625
521 4.25 2.625
522 4.25 2.625
523 4.25 2.625
524 4.25 2.625
525 4.25 2.625
526 4.25 2.625
527 4.25 2.625
528 4.25 2.625
529 4.25 2.625
530 4.25 2.625
531 4.25 2.625
532 4.25 2.625
533 4.25 2.625
534 4.25 2.625
535 4.25 2.625
536 4.25 2.625
537 4.25 2.625
538 4.25 2.625
539 4.25 2.625
540 4.25 2.625
541 4.25 2.625
542 4.25 2.625
543 4.25 2.625
544 4.25 2.625
545 4.25 2.625
546 4.25 2.625
547 4.25 2.625
548 4.25 2.625
549 4.25 2.625
550 4.25 2.625
551 4.25 2.625
552 4.25 2.625
553 4.25 2.625
554 4.25 2.625
555 4.25 2.625
556 4.25 2.625
557 4.25 2.625
558 4.25 2.625
559 4.25 2.625
560 4.25 2.625
561 4.25 2.625
562 4.25 2.625
563 4.25 2.625
564 4.25 2.625
565 4.25 2.625
566 4.25 2.625
567 4.25 2.625
568 4.25 2.625
569 4.25 2.625
570 4.25 2.625
571 4.25 2.625
572 4.25 2.625
573 4.25 2.625
574 4.25 2.625
575 4.25 2.625
576 4.25 2.625
577 4.25 2.625
578 4.25 2.625
579 4.25 2.625
580 4.25 2.625
581 4.25 2.625
582 4.25 2.625
583 4.25 2.625
584 4.25 2.625
585 4.25 2.625
586 4.25 2.625
587 4.25 2.625
588 4.25 2.625
589 4.25 2.625
590 4.25 2.625
591 4.25 2.625
592 4.25 2.625
593 4.25 2.625
594 4.25 2.625
595 4.25 2.625
596 4.25 2.625
597 4.25 2.625
598 4.25 2.625
599 4.25 2.625
600 4.25 2.625
601 4.25 2.625
602 4.25 2.625
603 4.25 2.625
604 4.25 2.625
605 4.25 2.625
606 4.25 2.625
607 4.25 2.625
608 4.25 2.625
609 4.25 2.625
610 4.25 2.625
611 4.25 2.625
612 4.25 2.625
613 4.25 2.625
614 4.25 2.625
615 4.25 2.625
616 4.25 2.625
617 4.25 2.625
618 4.25 2.625
619 4.25 2.625
620 4.25 2.625
621 4.25 2.625
622 4.25 2.625
623 4.25 2.625
624 4.25 2.625
625 4.25 2.625
626 4.25 2.625
627 4.25 2.625
628 4.25 2.625
629 4.25 2.625
630 4.25 2.625
631 4.25 2.625
632 4.25 2.625
633 4.25 2.625
634 4.25 2.625
635 4.25 2.625
636 4.25 2.625
637 4.25 2.625
638 4.25 2.625
639 4.25 2.625
640 4.25 2.625
641 4.25 2.625
642 4.25 2.625
643 4.25 2.625
644 4.25 2.625
645 4.25 2.625
646 4.25 2.625
647 4.25 2.625
648 4.25 2.625
649 4.25 2.625
650 4.25 2.625
651 4.25 2.625
652 4.25 2.625
653 4.25 2.625
654 4.25 2.625
655 4.25 2.625
656 4.25 2.625
657 4.25 2.625
658 4.25 2.625
659 4.25 2.625
660 4.25 2.625
661 4.25 2.625
662 4.25 2.625
663 4.25 2.625
664 4.25 2.625
665 4.25 2.625
666 4.25 2.625
667 4.25 2.625
668 4.25 2.625
669 4.25 2.625
670 4.25 2.625
671 4.25 2.625
672 4.25 2.625
673 4.25 2.625
674 4.25 2.625
675 4.25 2.625
676 4.25 2.625
677 4.25 2.625
678 4.25 2.625
679 4.25 2.625
680 4.25 2.625
681 4.25 2.625
682 4.25 2.625
683 4.25 2.625
684 4.25 2.625
685 4.25 2.625
686 4.25 2.625
687 4.25 2.625
688 4.25 2.625
689 4.25 2.625
690 4.25 2.625
691 4.25 2.625
692 4.25 2.625
693 4.25 2.625
694 4.25 2.625
695 4.25 2.625
696 4.25 2.625
697 4.25 2.625
698 4.25 2.625
699 4.25 2.625
700 4.25 2.625
701 4.25 2.625
702 4.25 2.625
703 4.25 2.625
704 4.25 2.625
705 4.25 2.625
706 4.25 2.625
707 4.25 2.625
708 4.25 2.625
709 4.25 2.625
710 4.25 2.625
711 4.25 2.625
712 4.25 2.625
713 4.25 2.625
714 4.25 2.625
715 4.25 2.625
716 4.25 2.625
717 4.25 2.625
718 4.25 2.625
719 4.25 2.625
720 4.25 2.625
721 4.25 2.625
722 4.25 2.625
723 4.25 2.625
724 4.25 2.625
725 4.25 2.625
726 4.25 2.625
727 4.25 2.625
728 4.25 2.625
729 4.25 2.625
730 4.25 2.625
731 4.25 2.625
732 4.25 2.625
733 4.25 2.625
734 4.25 2.625
735 4.25 2.625
736 4.25 2.625
737 4.25 2.625
738 4.25 2.625
739 4.25 2.625
740 4.25 2.625
741 4.25 2.625
742 4.25 2.625
743 4.25 2.625
744 4.25 2.625
745 4.25 2.625
746 4.25 2.625
747 4.25 2.625
748 4.25 2.625
749 4.25 2.625
750 4.25 2.625
751 4.25 2.625
752 4.25 2.625
753 4.25 2.625
754 4.25 2.625
755 4.25 2.625
756 4.25 2.625
757 4.25 2.625
758 4.25 2.625
759 4.25 2.625
760 4.25 2.625
761 4.25 2.625
762 4.25 2.625
763 4.25 2.625
764 4.25 2.625
765 4.25 2.625
766 4.25 2.625
767 4.25 2.625
768 4.25 2.625
769 4.25 2.625
770 4.25 2.625
771 4.25 2.625
772 4.25 2.625
773 4.25 2.625
774 4.25 2.625
775 4.25 2.625
776 4.25 2.625
777 4.25 2.625
778 4.25 2.625
779 4.25 2.625
780 4.25 2.625
781 4.25 2.625
782 4.25 2.625
783 4.25 2.625
784 4.25 2.625
785 4.25 2.625
786 4.25 2.625
787 4.25 2.625
788 4.25 2.625
789 4.25 2.625
790 4.25 2.625
791 4.25 2.625
792 4.25 2.625
793 4.25 2.625
794 4.25 2.625
795 4.25 2.625
796 4.25 2.625
797 4.25 2.625
798 4.25 2.625
799 4.25 2.625
800 4.25 2.625
801 4.25 2.625
802 4.25 2.625
803 4.25 2.625
804 4.25 2.625
805 4.25 2.625
806 4.25 2.625
807 4.25 2.625
808 4.25 2.625
809 4.25 2.625
810 4.25 2.625
811 4.25 2.625
812 4.25 2.625
813 4.25 2.625
814 4.25 2.625
815 4.25 2.625
816 4.25 2.625
817 4.25 2.625
818 4.25 2.625
819 4.25 2.625
820 4.25 2.625
821 4.25 2.625
822 4.25 2.625
823 4.25 2.625
824 4.25 2.625
825 4.25 2.625
826 4.25 2.625
827 4.25 2.625
828 4.25 2.625
829 4.25 2.625
830 4.25 2.625
831 4.25 2.625
832 4.25 2.625
833 4.25 2.625
834 4.25 2.625
835 4.25 2.625
836 4.25 2.625
837 4.25 2.625
838 4.25 2.625
839 4.25 2.625
840 4.25 2.625
841 4.25 2.625
842 4.25 2.625
843 4.25 2.625
844 4.25 2.625
845 4.25 2.625
846 4.25 2.625
847 4.25 2.625
848 4.25 2.625
849 4.25 2.625
850 4.25 2.625
851 4.25 2.625
852 4.25 2.625
853 4.25 2.625
854 4.25 2.625
855 4.25 2.625
856 4.25 2.625
857 4.25 2.625
858 4.25 2.625
859 4.25 2.625
860 4.25 2.625
861 4.25 2.625
862 4.25 2.625
863 4.25 2.625
864 4.25 2.625
865 4.25 2.625
866 4.25 2.625
867 4.25 2.625
868 4.25 2.625
869 4.25 2.625
870 4.25 2.625
871 4.25 2.625
872 4.25 2.625
873 4.25 2.625
874 4.25 2.625
875 4.25 2.625
876 4.25 2.625
877 4.25 2.625
878 4.25 2.625
879 4.25 2.625
880 4.25 2.625
881 4.25 2.625
882 4.25 2.625
883 4.25 2.625
884 4.25 2.625
885 4.25 2.625
886 4.25 2.625
887 4.25 2.625
888 4.25 2.625
889 4.25 2.625
890 4.25 2.625
891 4.25 2.625
892 4.25 2.625
893 4.25 2.625
894 4.25 2.625
895 4.25 2.625
896 4.25 2.625
897 4.25 2.625
898 4.25 2.625
899 4.25 2.625
900 4.25 2.625
901 4.25 2.625
902 4.25 2.625
903 4.25 2.625
904 4.25 2.625
905 4.25 2.625
906 4.25 2.625
907 4.25 2.625
908 4.25 2.625
909 4.25 2.625
910 4.25 2.625
911 4.25 2.625
912 4.25 2.625
913 4.25 2.625
914 4.25 2.625
915 4.25 2.625
916 4.25 2.625
917 4.25 2.625
918 4.25 2.625
919 4.25 2.625
920 4.25 2.625
921 4.25 2.625
922 4.25 2.625
923 4.25 2.625
924 4.25 2.625
925 4.25 2.625
926 4.25 2.625
927 4.25 2.625
928 4.25 2.625
929 4.25 2.625
930 4.25 2.625
931 4.25 2.625
932 4.25 2.625
933 4.25 2.625
934 4.25 2.625
935 4.25 2.625
936 4.25 2.625
937 4.25 2.625
938 4.25 2.625
939 4.25 2.625
940 4.25 2.625
941 4.25 2.625
942 4.25 2.625
943 4.25 2.625
944 4.25 2.625
945 4.25 2.625
946 4.25 2.625
947 4.25 2.625
948 4.25 2.625
949 4.25 2.625
950 4.25 2.625
951 4.25 2.625
952 4.25 2.625
953 4.25 2.625
954 4.25 2.625
955 4.25 2.625
956 4.25 2.625
957 4.25 2.625
958 4.25 2.625
959 4.25 2.625
960 4.25 2.625
961 4.25 2.625
962 4.25 2.625
963 4.25 2.625
964 4.25 2.625
965 4.25 2.625
966 4.25 2.625
967 4.25 2.625
968 4.25 2.625
969 4.25 2.625
970 4.25 2.625
971 4.25 2.625
972 4.25 2.625
973 4.25 2.625
974 4.25 2.625
975 4.25 2.625
976 4.25 2.625
977 4.25 2.625
978 4.25 2.625
979 4.25 2.625
980 4.25 2.625
981 4.25 2.625
982 4.25 2.625
983 4.25 2.625
984 4.25 2.625
985 4.25 2.625
986 4.25 2.625
987 4.25 2.625
988 4.25 2.625
989 4.25 2.625
990 4.25 2.625
991 4.25 2.625
992 4.25 2.625
993 4.25 2.625
994 4.25 2.625
995 4.25 2.625
996 4.25 2.625
997 4.25 2.625
998 4.25 2.625
999 4.25 2.625
