0 1 1
1 3.24483 2
2 2.5 3.24483
3 3.83446 4.99753
4 5.39003 6.09735
5 6.26135 6.87746
6 3.43873 3.72954
7 3.99767 5.12207
8 5.50537 6.19915
9 5.86285 7.38967
10 2.93142 3.95843
11 4.35974 4.8873
12 5.77004 6.00798
13 6.89007 6.7986
14 3.44504 3.69348
15 4.48797 5.09636
16 5.86644 6.17807
17 6.82409 6.8019
18 3.41205 3.96562
19 4.68724 5.29361
20 6.01871 6.34079
21 6.80806 6.8027
22 3.40403 4.21811
23 5.09943 5.29386
24 6.01432 6.65257
25 6.80418 3.40145
26 3.69603 4.45525
27 5.29432 5.48281
28 6.17955 6.80294
29 6.80325 3.40147
30 3.96619 4.67972
31 5.48292 5.66521
32 6.34113 6.80295
33 3.40151 3.40147
34 4.21824 4.89341
35 5.48285 6.01292
36 6.80297 6.80295
37 3.40148 3.40148
38 4.45528 5.09777
39 5.66522 6.17922
40 6.80296 6.80295
41 3.40148 3.69547
42 4.67973 5.29394
43 5.84174 6.34106
44 6.80295 6.80295
45 3.40148 3.96607
46 5.09777 5.29394
47 6.01292 6.49876
48 6.80295 3.40148
49 3.69547 4.21821
50 5.29394 5.48283
51 6.17922 6.65264
52 6.80295 3.40148
53 3.96607 4.45527
54 5.48283 5.66522
55 6.34106 6.80295
56 3.40148 3.40148
57 4.21821 4.67973
58 5.48283 6.01292
59 6.65264 6.80295
60 3.40148 3.40148
61 4.45527 4.89341
62 5.66522 6.17922
63 6.80295 6.80295
64 3.40148 3.69547
65 4.67973 5.09777
66 5.84173 6.34106
67 6.80295 6.80295
68 3.40148 3.96607
69 5.09777 5.09777
70 6.01292 6.49876
71 6.80295 3.40148
72 3.69547 4.21821
73 5.29394 5.29394
74 6.17922 6.65264
75 6.80295 3.40148
76 3.96607 4.45527
77 5.48283 5.48283
78 6.34106 6.80295
79 6.80295 3.40148
80 4.21821 4.67973
81 5.29394 6.01292
82 6.65264 6.80295
83 3.40148 3.40148
84 4.45527 4.89341
85 5.48283 6.17922
86 6.80295 6.80295
87 3.40148 3.40148
88 4.67973 5.09777
89 5.66522 6.34106
90 6.80295 6.80295
91 3.40148 3.69547
92 5.09777 5.09777
93 6.01292 6.34106
94 6.80295 3.40148
95 3.69547 3.96607
96 5.29394 5.29394
97 6.17922 6.49876
98 6.80295 3.40148
99 3.96607 4.21821
100 5.48283 5.48283
101 6.34106 6.65264
102 6.80295 3.40148
103 4.21821 4.45527
104 5.29394 6.01292
105 6.49876 6.80295
106 3.40148 3.40148
107 4.45527 4.67973
108 5.48283 6.17922
109 6.65264 6.80295
110 3.40148 3.40148
111 4.67973 4.89341
112 5.66522 6.34106
113 6.80295 6.80295
114 3.40148 3.69547
115 4.89341 5.09777
116 6.01292 6.34106
117 6.80295 3.40148
118 3.69547 3.96607
119 5.09777 5.29394
120 6.17922 6.49876
121 6.80295 3.40148
122 3.96607 4.21821
123 5.29394 5.48283
124 6.34106 6.65264
125 6.80295 3.40148
126 4.21821 4.45527
127 5.09777 6.01292
128 6.49876 6.80295
129 3.40148 3.40148
130 4.45527 4.67973
131 5.29394 6.17922
132 6.65264 6.80295
133 3.40148 3.40148
134 4.67973 4.89341
135 5.48283 6.34106
136 6.80295 6.80295
137 3.40148 3.40148
138 4.89341 5.09777
139 6.01292 6.17922
140 6.80295 3.40148
141 3.69547 3.69547
142 5.09777 5.29394
143 6.17922 6.34106
144 6.80295 3.40148
145 3.96607 3.96607
146 5.29394 5.48283
147 6.34106 6.49876
148 6.80295 3.40148
149 4.21821 4.21821
150 5.09777 6.01292
151 6.34106 6.80295
152 3.40148 3.40148
153 4.45527 4.45527
154 5.29394 6.17922
155 6.49876 6.80295
156 3.40148 3.40148
157 4.67973 4.67973
158 5.48283 6.34106
159 6.65264 6.80295
160 3.40148 3.40148
161 4.67973 5.09777
162 6.01292 6.17922
163 6.80295 3.40148
164 3.69547 3.69547
165 4.89341 5.29394
166 6.17922 6.34106
167 6.80295 3.40148
168 3.96607 3.96607
169 5.09777 5.48283
170 6.34106 6.49876
171 6.80295 3.40148
172 4.21821 4.21821
173 5.09777 5.84173
174 6.34106 6.80295
175 3.40148 3.40148
176 4.45527 4.45527
177 5.29394 6.01292
178 6.49876 6.80295
179 3.40148 3.40148
180 4.67973 4.67973
181 5.48283 6.17922
182 6.65264 6.80295
183 3.40148 3.40148
184 4.67973 5.09777
185 6.01292 6.01292
186 6.80295 3.40148
187 3.40148 3.69547
188 4.89341 5.29394
189 6.17922 6.17922
190 6.80295 3.40148
191 3.69547 3.96607
192 5.09777 5.48283
193 6.34106 6.34106
194 6.80295 3.40148
195 3.96607 4.21821
196 5.09777 5.84173
197 6.17922 6.80295
198 3.40148 3.40148
199 4.21821 4.45527
200 5.29394 6.01292
201 6.34106 6.80295
202 3.40148 3.40148
203 4.45527 4.67973
204 5.48283 6.17922
205 6.49876 6.80295
206 3.40148 3.40148
207 4.45527 5.09777
208 6.01292 6.01292
209 6.80295 6.80295
210 3.40148 3.69547
211 4.67973 5.29394
212 6.17922 6.17922
213 6.80295 3.40148
214 3.69547 3.96607
215 4.89341 5.48283
216 6.34106 6.34106
217 6.80295 3.40148
218 3.96607 4.21821
219 5.09777 5.66522
220 6.17922 6.80295
221 3.40148 3.40148
222 4.21821 4.45527
223 5.29394 5.84173
224 6.34106 6.80295
225 3.40148 3.40148
226 4.45527 4.67973
227 5.48283 6.01292
228 6.49876 6.80295
229 3.40148 3.40148
230 4.45527 5.09777
231 5.84173 6.01292
232 6.80295 6.80295
233 3.40148 3.69547
234 4.67973 5.29394
235 6.01292 6.17922
236 6.80295 3.40148
237 3.40148 3.96607
238 4.89341 5.48283
239 6.17922 6.34106
240 6.80295 3.40148
241 3.69547 4.21821
242 5.09777 5.66522
243 6.01292 6.80295
244 3.40148 3.40148
245 3.96607 4.45527
246 5.29394 5.84173
247 6.17922 6.80295
248 3.40148 3.40148
249 4.21821 4.67973
250 5.48283 6.01292
251 6.34106 6.80295
252 3.40148 3.40148
253 4.21821 5.09777
254 5.84173 6.01292
255 6.80295 6.80295
256 3.40148 3.69547
257 4.45527 5.29394
258 6.01292 6.17922
259 6.80295 6.80295
260 3.40148 3.96607
261 4.67973 5.48283
262 6.17922 6.34106
263 6.80295 3.40148
264 3.69547 4.21821
265 5.09777 5.48283
266 6.01292 6.80295
267 6.80295 3.40148
268 3.96607 4.45527
269 5.29394 5.66522
270 6.17922 6.80295
271 3.40148 3.40148
272 4.21821 4.67973
273 5.48283 5.84173
274 6.34106 6.80295
275 3.40148 3.40148
276 4.21821 5.09777
277 5.66522 6.01292
278 6.80295 6.80295
279 3.40148 3.69547
280 4.45527 5.29394
281 5.84173 6.17922
282 6.80295 6.80295
283 3.40148 3.96607
284 4.67973 5.48283
285 6.01292 6.34106
286 6.80295 3.40148
287 3.40148 4.21821
288 5.09777 5.48283
289 6.01292 6.65264
290 6.80295 3.40148
291 3.69547 4.45527
292 5.29394 5.66522
293 6.17922 6.80295
294 3.40148 3.40148
295 3.96607 4.67973
296 5.48283 5.84173
297 6.34106 6.80295
298 3.40148 3.40148
299 4.21821 4.89341
300 5.66522 6.01292
301 6.80295 6.80295
302 3.40148 3.69547
303 4.45527 5.09777
304 5.84173 6.17922
305 6.80295 6.80295
306 3.40148 3.96607
307 4.67973 5.29394
308 6.01292 6.34106
309 6.80295 6.80295
310 3.40148 4.21821
311 5.09777 5.29394
312 6.01292 6.65264
313 6.80295 3.40148
314 3.69547 4.45527
315 5.29394 5.48283
316 6.17922 6.80295
317 6.80295 3.40148
318 3.96607 4.67973
319 5.48283 5.66522
320 6.34106 6.80295
321 3.40148 3.40148
322 4.21821 4.89341
323 5.48283 6.01292
324 6.80295 6.80295
325 3.40148 3.40148
326 4.45527 5.09777
327 5.66522 6.17922
328 6.80295 6.80295
329 3.40148 3.69547
330 4.67973 5.29394
331 5.84173 6.34106
332 6.80295 6.80295
333 3.40148 3.96607
334 5.09777 5.29394
335 6.01292 6.49876
336 6.80295 3.40148
337 3.69547 4.21821
338 5.29394 5.48283
339 6.17922 6.65264
340 6.80295 3.40148
341 3.96607 4.45527
342 5.48283 5.66522
343 6.34106 6.80295
344 3.40148 3.40148
345 4.21821 4.67973
346 5.48283 6.01292
347 6.65264 6.80295
348 3.40148 3.40148
349 4.45527 4.89341
350 5.66522 6.17922
351 6.80295 6.80295
352 3.40148 3.69547
353 4.67973 5.09777
354 5.84173 6.34106
355 6.80295 6.80295
356 3.40148 3.96607
357 5.09777 5.09777
358 6.01292 6.49876
359 6.80295 3.40148
360 3.69547 4.21821
361 5.29394 5.29394
362 6.17922 6.65264
363 6.80295 3.40148
364 3.96607 4.45527
365 5.48283 5.48283
366 6.34106 6.80295
367 6.80295 3.40148
368 4.21821 4.67973
369 5.29394 6.01292
370 6.65264 6.80295
371 3.40148 3.40148
372 4.45527 4.89341
373 5.48283 6.17922
374 6.80295 6.80295
375 3.40148 3.40148
376 4.67973 5.09777
377 5.66522 6.34106
378 6.80295 6.80295
379 3.40148 3.69547
380 5.09777 5.09777
381 6.01292 6.34106
382 6.80295 3.40148
383 3.69547 3.96607
384 5.29394 5.29394
385 6.17922 6.49876
386 6.80295 3.40148
387 3.96607 4.21821
388 5.48283 5.48283
389 6.34106 6.65264
390 6.80295 3.40148
391 4.21821 4.45527
392 5.29394 6.01292
393 6.49876 6.80295
394 3.40148 3.40148
395 4.45527 4.67973
396 5.48283 6.17922
397 6.65264 6.80295
398 3.40148 3.40148
399 4.67973 4.89341
400 5.66522 6.34106
401 6.80295 6.80295
402 3.40148 3.69547
403 4.89341 5.09777
404 6.01292 6.34106
405 6.80295 3.40148
406 3.69547 3.96607
407 5.09777 5.29394
408 6.17922 6.49876
409 6.80295 3.40148
410 3.96607 4.21821
411 5.29394 5.48283
412 6.34106 6.65264
413 6.80295 3.40148
414 4.21821 4.45527
415 5.09777 6.01292
416 6.49876 6.80295
417 3.40148 3.40148
418 4.45527 4.67973
419 5.29394 6.17922
420 6.65264 6.80295
421 3.40148 3.40148
422 4.67973 4.89341
423 5.48283 6.34106
424 6.80295 6.80295
425 3.40148 3.40148
426 4.89341 5.09777
427 6.01292 6.17922
428 6.80295 3.40148
429 3.69547 3.69547
430 5.09777 5.29394
431 6.17922 6.34106
432 6.80295 3.40148
433 3.96607 3.96607
434 5.29394 5.48283
435 6.34106 6.49876
436 6.80295 3.40148
437 4.21821 4.21821
438 5.09777 6.01292
439 6.34106 6.80295
440 3.40148 3.40148
441 4.45527 4.45527
442 5.29394 6.17922
443 6.49876 6.80295
444 3.40148 3.40148
445 4.67973 4.67973
446 5.48283 6.34106
447 6.65264 6.80295
448 3.40148 3.40148
449 4.67973 5.09777
450 6.01292 6.17922
451 6.80295 3.40148
452 3.69547 3.69547
453 4.89341 5.29394
454 6.17922 6.34106
455 6.80295 3.40148
456 3.96607 3.96607
457 5.09777 5.48283
458 6.34106 6.49876
459 6.80295 3.40148
460 4.21821 4.21821
461 5.09777 5.84173
462 6.34106 6.80295
463 3.40148 3.40148
464 4.45527 4.45527
465 5.29394 6.01292
466 6.49876 6.80295
467 3.40148 3.40148
468 4.67973 4.67973
469 5.48283 6.17922
470 6.65264 6.80295
471 3.40148 3.40148
472 4.67973 5.09777
473 6.01292 6.01292
474 6.80295 3.40148
475 3.40148 3.69547
476 4.89341 5.29394
477 6.17922 6.17922
478 6.80295 3.40148
479 3.69547 3.96607
480 5.09777 5.48283
481 6.34106 6.34106
482 6.80295 3.40148
483 3.96607 4.21821
484 5.09777 5.84173
485 6.17922 6.80295
486 3.40148 3.40148
487 4.21821 4.45527
488 5.29394 6.01292
489 6.34106 6.80295
490 3.40148 3.40148
491 4.45527 4.67973
492 5.48283 6.17922
493 6.49876 6.80295
494 3.40148 3.40148
495 4.45527 5.09777
496 6.01292 6.01292
497 6.80295 6.80295
498 3.40148 3.69547
499 4.67973 5.29394
500 6.17922 6.17922
501 6.80295 3.40148
502 3.69547 3.96607
503 4.89341 5.48283
504 6.34106 6.34106
505 6.80295 3.40148
506 3.96607 4.21821
507 5.09777 5.66522
508 6.17922 6.80295
509 3.40148 3.40148
510 4.21821 4.45527
511 5.29394 5.84173
512 6.34106 6.80295
513 3.40148 3.40148
514 4.45527 4.67973
515 5.48283 6.01292
516 6.49876 6.80295
517 3.40148 3.40148
518 4.45527 5.09777
519 5.84173 6.01292
520 6.80295 6.80295
521 3.40148 3.69547
522 4.67973 5.29394
523 6.01292 6.17922
524 6.80295 3.40148
525 3.40148 3.96607
526 4.89341 5.48283
527 6.17922 6.34106
528 6.80295 3.40148
529 3.69547 4.21821
530 5.09777 5.66522
531 6.01292 6.80295
532 3.40148 3.40148
533 3.96607 4.45527
534 5.29394 5.84173
535 6.17922 6.80295
536 3.40148 3.40148
537 4.21821 4.67973
538 5.48283 6.01292
539 6.34106 6.80295
540 3.40148 3.40148
541 4.21821 5.09777
542 5.84173 6.01292
543 6.80295 6.80295
544 3.40148 3.69547
545 4.45527 5.29394
546 6.01292 6.17922
547 6.80295 6.80295
548 3.40148 3.96607
549 4.67973 5.48283
550 6.17922 6.34106
551 6.80295 3.40148
552 3.69547 4.21821
553 5.09777 5.48283
554 6.01292 6.80295
555 6.80295 3.40148
556 3.96607 4.45527
557 5.29394 5.66522
558 6.17922 6.80295
559 3.40148 3.40148
560 4.21821 4.67973
561 5.48283 5.84173
562 6.34106 6.80295
563 3.40148 3.40148
564 4.21821 5.09777
565 5.66522 6.01292
566 6.80295 6.80295
567 3.40148 3.69547
568 4.45527 5.29394
569 5.84173 6.17922
570 6.80295 6.80295
571 3.40148 3.96607
572 4.67973 5.48283
573 6.01292 6.34106
574 6.80295 3.40148
575 3.40148 4.21821
576 5.09777 5.48283
577 6.01292 6.65264
578 6.80295 3.40148
579 3.69547 4.45527
580 5.29394 5.66522
581 6.17922 6.80295
582 3.40148 3.40148
583 3.96607 4.67973
584 5.48283 5.84173
585 6.34106 6.80295
586 3.40148 3.40148
587 4.21821 4.89341
588 5.66522 6.01292
589 6.80295 6.80295
590 3.40148 3.69547
591 4.45527 5.09777
592 5.84173 6.17922
593 6.80295 6.80295
594 3.40148 3.96607
595 4.67973 5.29394
596 6.01292 6.34106
597 6.80295 6.80295
598 3.40148 4.21821
599 5.09777 5.29394
600 6.01292 6.65264
601 6.80295 3.40148
602 3.69547 4.45527
603 5.29394 5.48283
604 6.17922 6.80295
605 6.80295 3.40148
606 3.96607 4.67973
607 5.48283 5.66522
608 6.34106 6.80295
609 3.40148 3.40148
610 4.21821 4.89341
611 5.48283 6.01292
612 6.80295 6.80295
613 3.40148 3.40148
614 4.45527 5.09777
615 5.66522 6.17922
616 6.80295 6.80295
617 3.40148 3.69547
618 4.67973 5.29394
619 5.84173 6.34106
620 6.80295 6.80295
621 3.40148 3.96607
622 5.09777 5.29394
623 6.01292 6.49876
624 6.80295 3.40148
625 3.69547 4.21821
626 5.29394 5.48283
627 6.17922 6.65264
628 6.80295 3.40148
629 3.96607 4.45527
630 5.48283 5.66522
631 6.34106 6.80295
632 3.40148 3.40148
633 4.21821 4.67973
634 5.48283 6.01292
635 6.65264 6.80295
636 3.40148 3.40148
637 4.45527 4.89341
638 5.66522 6.17922
639 6.80295 6.80295
640 3.40148 3.69547
641 4.67973 5.09777
642 5.84173 6.34106
643 6.80295 6.80295
644 3.40148 3.96607
645 5.09777 5.09777
646 6.01292 6.49876
647 6.80295 3.40148
648 3.69547 4.21821
649 5.29394 5.29394
650 6.17922 6.65264
651 6.80295 3.40148
652 3.96607 4.45527
653 5.48283 5.48283
654 6.34106 6.80295
655 6.80295 3.40148
656 4.21821 4.67973
657 5.29394 6.01292
658 6.65264 6.80295
659 3.40148 3.40148
660 4.45527 4.89341
661 5.48283 6.17922
662 6.80295 6.80295
663 3.40148 3.40148
664 4.67973 5.09777
665 5.66522 6.34106
666 6.80295 6.80295
667 3.40148 3.69547
668 5.09777 5.09777
669 6.01292 6.34106
670 6.80295 3.40148
671 3.69547 3.96607
672 5.29394 5.29394
673 6.17922 6.49876
674 6.80295 3.40148
675 3.96607 4.21821
676 5.48283 5.48283
677 6.34106 6.65264
678 6.80295 3.40148
679 4.21821 4.45527
680 5.29394 6.01292
681 6.49876 6.80295
682 3.40148 3.40148
683 4.45527 4.67973
684 5.48283 6.17922
685 6.65264 6.80295
686 3.40148 3.40148
687 4.67973 4.89341
688 5.66522 6.34106
689 6.80295 6.80295
690 3.40148 3.69547
691 4.89341 5.09777
692 6.01292 6.34106
693 6.80295 3.40148
694 3.69547 3.96607
695 5.09777 5.29394
696 6.17922 6.49876
697 6.80295 3.40148
698 3.96607 4.21821
699 5.29394 5.48283
700 6.34106 6.65264
701 6.80295 3.40148
702 4.21821 4.45527
703 5.09777 6.01292
704 6.49876 6.80295
705 3.40148 3.40148
706 4.45527 4.67973
707 5.29394 6.17922
708 6.65264 6.80295
709 3.40148 3.40148
710 4.67973 4.89341
711 5.48283 6.34106
712 6.80295 6.80295
713 3.40148 3.40148
714 4.89341 5.09777
715 6.01292 6.17922
716 6.80295 3.40148
717 3.69547 3.69547
718 5.09777 5.29394
719 6.17922 6.34106
720 6.80295 3.40148
721 3.96607 3.96607
722 5.29394 5.48283
723 6.34106 6.49876
724 6.80295 3.40148
725 4.21821 4.21821
726 5.09777 6.01292
727 6.34106 6.80295
728 3.40148 3.40148
729 4.45527 4.45527
730 5.29394 6.17922
731 6.49876 6.80295
732 3.40148 3.40148
733 4.67973 4.67973
734 5.48283 6.34106
735 6.65264 6.80295
736 3.40148 3.40148
737 4.67973 5.09777
738 6.01292 6.17922
739 6.80295 3.40148
740 3.69547 3.69547
741 4.89341 5.29394
742 6.17922 6.34106
743 6.80295 3.40148
744 3.96607 3.96607
745 5.09777 5.48283
746 6.34106 6.49876
747 6.80295 3.40148
748 4.21821 4.21821
749 5.09777 5.84173
750 6.34106 6.80295
751 3.40148 3.40148
752 4.45527 4.45527
753 5.29394 6.01292
754 6.49876 6.80295
755 3.40148 3.40148
756 4.67973 4.67973
757 5.48283 6.17922
758 6.65264 6.80295
759 3.40148 3.40148
760 4.67973 5.09777
761 6.01292 6.01292
762 6.80295 3.40148
763 3.40148 3.69547
764 4.89341 5.29394
765 6.17922 6.17922
766 6.80295 3.40148
767 3.69547 3.96607
768 5.09777 5.48283
769 6.34106 6.34106
770 6.80295 3.40148
771 3.96607 4.21821
772 5.09777 5.84173
773 6.17922 6.80295
774 3.40148 3.40148
775 4.21821 4.45527
776 5.29394 6.01292
777 6.34106 6.80295
778 3.40148 3.40148
779 4.45527 4.67973
780 5.48283 6.17922
781 6.49876 6.80295
782 3.40148 3.40148
783 4.45527 5.09777
784 6.01292 6.01292
785 6.80295 6.80295
786 3.40148 3.69547
787 4.67973 5.29394
788 6.17922 6.17922
789 6.80295 3.40148
790 3.69547 3.96607
791 4.89341 5.48283
792 6.34106 6.34106
793 6.80295 3.40148
794 3.96607 4.21821
795 5.09777 5.66522
796 6.17922 6.80295
797 3.40148 3.40148
798 4.21821 4.45527
799 5.29394 5.84173
800 6.34106 6.80295
801 3.40148 3.40148
802 4.45527 4.67973
803 5.48283 6.01292
804 6.49876 6.80295
805 3.40148 3.40148
806 4.45527 5.09777
807 5.84173 6.01292
808 6.80295 6.80295
809 3.40148 3.69547
810 4.67973 5.29394
811 6.01292 6.17922
812 6.80295 3.40148
813 3.40148 3.96607
814 4.89341 5.48283
815 6.17922 6.34106
816 6.80295 3.40148
817 3.69547 4.21821
818 5.09777 5.66522
819 6.01292 6.80295
820 3.40148 3.40148
821 3.96607 4.45527
822 5.29394 5.84173
823 6.17922 6.80295
824 3.40148 3.40148
825 4.21821 4.67973
826 5.48283 6.01292
827 6.34106 6.80295
828 3.40148 3.40148
829 4.21821 5.09777
830 5.84173 6.01292
831 6.80295 6.80295
832 3.40148 3.69547
833 4.45527 5.29394
834 6.01292 6.17922
835 6.80295 6.80295
836 3.40148 3.96607
837 4.67973 5.48283
838 6.17922 6.34106
839 6.80295 3.40148
840 3.69547 4.21821
841 5.09777 5.48283
842 6.01292 6.80295
843 6.80295 3.40148
844 3.96607 4.45527
845 5.29394 5.66522
846 6.17922 6.80295
847 3.40148 3.40148
848 4.21821 4.67973
849 5.48283 5.84173
850 6.34106 6.80295
851 3.40148 3.40148
852 4.21821 5.09777
853 5.66522 6.01292
854 6.80295 6.80295
855 3.40148 3.69547
856 4.45527 5.29394
857 5.84173 6.17922
858 6.80295 6.80295
859 3.40148 3.96607
860 4.67973 5.48283
861 6.01292 6.34106
862 6.80295 3.40148
863 3.40148 4.21821
864 5.09777 5.48283
865 6.01292 6.65264
866 6.80295 3.40148
867 3.69547 4.45527
868 5.29394 5.66522
869 6.17922 6.80295
870 3.40148 3.40148
871 3.96607 4.67973
872 5.48283 5.84173
873 6.34106 6.80295
874 3.40148 3.40148
875 4.21821 4.89341
876 5.66522 6.01292
877 6.80295 6.80295
878 3.40148 3.69547
879 4.45527 5.09777
880 5.84173 6.17922
881 6.80295 6.80295
882 3.40148 3.96607
883 4.67973 5.29394
884 6.01292 6.34106
885 6.80295 6.80295
886 3.40148 4.21821
887 5.09777 5.29394
888 6.01292 6.65264
889 6.80295 3.40148
890 3.69547 4.45527
891 5.29394 5.48283
892 6.17922 6.80295
893 6.80295 3.40148
894 3.96607 4.67973
895 5.48283 5.66522
896 6.34106 6.80295
897 3.40148 3.40148
898 4.21821 4.89341
899 5.48283 6.01292
900 6.80295 6.80295
901 3.40148 3.40148
902 4.45527 5.09777
903 5.66522 6.17922
904 6.80295 6.80295
905 3.40148 3.69547
906 4.67973 5.29394
907 5.84173 6.34106
908 6.80295 6.80295
909 3.40148 3.96607
910 5.09777 5.29394
911 6.01292 6.49876
912 6.80295 3.40148
913 3.69547 4.21821
914 5.29394 5.48283
915 6.17922 6.65264
916 6.80295 3.40148
917 3.96607 4.45527
918 5.48283 5.66522
919 6.34106 6.80295
920 3.40148 3.40148
921 4.21821 4.67973
922 5.48283 6.01292
923 6.65264 6.80295
924 3.40148 3.40148
925 4.45527 4.89341
926 5.66522 6.17922
927 6.80295 6.80295
928 3.40148 3.69547
929 4.67973 5.09777
930 5.84173 6.34106
931 6.80295 6.80295
932 3.40148 3.96607
933 5.09777 5.09777
934 6.01292 6.49876
935 6.80295 3.40148
936 3.69547 4.21821
937 5.29394 5.29394
938 6.17922 6.65264
939 6.80295 3.40148
940 3.96607 4.45527
941 5.48283 5.48283
942 6.34106 6.80295
943 6.80295 3.40148
944 4.21821 4.67973
945 5.29394 6.01292
946 6.65264 6.80295
947 3.40148 3.40148
948 4.45527 4.89341
949 5.48283 6.17922
950 6.80295 6.80295
951 3.40148 3.40148
952 4.67973 5.09777
953 5.66522 6.34106
954 6.80295 6.80295
955 3.40148 3.69547
956 5.09777 5.09777
957 6.01292 6.34106
958 6.80295 3.40148
959 3.69547 3.96607
960 5.29394 5.29394
961 6.17922 6.49876
962 6.80295 3.40148
963 3.96607 4.21821
964 5.48283 5.48283
965 6.34106 6.65264
966 6.80295 3.40148
967 4.21821 4.45527
968 5.29394 6.01292
969 6.49876 6.80295
970 3.40148 3.40148
971 4.45527 4.67973
972 5.48283 6.17922
973 6.65264 6.80295
974 3.40148 3.40148
975 4.67973 4.89341
976 5.66522 6.34106
977 6.80295 6.80295
978 3.40148 3.69547
979 4.89341 5.09777
980 6.01292 6.34106
981 6.80295 3.40148
982 3.69547 3.96607
983 5.09777 5.29394
984 6.17922 6.49876
985 6.80295 3.40148
986 3.96607 4.21821
987 5.29394 5.48283
988 6.34106 6.65264
989 6.80295 3.40148
990 4.21821 4.45527
991 5.09777 6.01292
992 6.49876 6.80295
993 3.40148 3.40148
994 4.45527 4.67973
995 5.29394 6.17922
996 6.65264 6.80295
997 3.40148 3.40148
998 4.67973 4.89341
999 5.48283 6.34106
