0 0 0
1 11 7
2 11 7
3 24 7
4 48 48
5 72 72
6 72 80
7 56 80
8 56 56
9 72 64
10 80 80
11 80 80
12 56 48
13 72 72
14 80 80
15 80 80
16 64 56
17 80 72
18 80 80
19 56 80
20 48 56
21 80 72
22 80 80
23 64 48
24 56 48
25 72 80
26 72 80
27 64 48
28 64 56
29 80 80
30 80 80
31 48 48
32 64 56
33 80 80
34 80 80
35 48 48
36 72 64
37 72 80
38 72 80
39 48 56
40 80 72
41 80 80
42 48 80
43 48 56
44 80 72
45 80 80
46 64 48
47 56 48
48 72 80
49 72 80
50 64 48
51 64 56
52 80 80
53 80 80
54 48 48
55 64 56
56 80 80
57 80 80
58 48 48
59 72 64
60 72 80
61 72 80
62 48 56
63 64 72
64 80 80
65 80 80
66 48 56
67 80 72
68 80 80
69 64 48
70 56 48
71 72 80
72 72 80
73 64 48
74 64 56
75 80 80
76 80 80
77 48 48
78 64 56
79 80 80
80 80 80
81 48 48
82 72 64
83 72 80
84 72 80
85 48 56
86 64 72
87 80 80
88 80 80
89 48 56
90 80 72
91 80 80
92 64 80
93 56 48
94 72 80
95 72 80
96 64 48
97 64 56
98 80 72
99 80 80
