0 0 0
1 11 7
2 11 7
3 24 7
4 48 48
5 72 72
6 72 80
7 56 80
8 56 56
9 72 64
10 80 80
11 80 80
12 56 48
13 72 72
14 80 80
15 80 80
16 64 56
17 80 72
18 80 80
19 56 80
20 48 56
21 80 72
22 80 80
23 64 48
24 56 48
25 72 80
26 72 80
27 64 48
28 64 56
29 80 80
30 80 80
31 48 48
32 64 56
33 80 80
34 80 80
35 48 48
36 72 64
37 72 80
38 72 80
39 48 56
40 80 72
41 80 80
42 48 80
43 48 56
44 80 72
45 80 80
46 64 48
47 56 48
48 72 80
49 72 80
50 64 48
51 64 56
52 80 80
53 80 80
54 48 48
55 64 56
56 80 80
57 80 80
58 48 48
59 72 64
60 72 80
61 72 80
62 48 56
63 64 72
64 80 80
65 80 80
66 48 56
67 80 72
68 80 80
69 64 48
70 56 48
71 72 80
72 72 80
73 64 48
74 64 56
75 80 80
76 80 80
77 48 48
78 64 56
79 80 80
80 80 80
81 48 48
82 72 64
83 72 80
84 72 80
85 48 56
86 64 72
87 80 80
88 80 80
89 48 56
90 80 72
91 80 80
92 64 80
93 56 48
94 72 80
95 72 80
96 64 48
97 64 56
98 80 72
99 80 80
100 48 48
101 64 56
102 80 80
103 80 80
104 48 48
105 56 64
106 72 80
107 72 80
108 48 48
109 64 72
110 80 80
111 80 80
112 48 56
113 64 72
114 80 80
115 64 80
116 56 48
117 72 80
118 72 80
119 64 48
120 64 56
121 80 72
122 80 80
123 48 48
124 64 56
125 80 80
126 80 80
127 48 48
128 56 64
129 72 80
130 72 80
131 48 48
132 64 72
133 80 80
134 80 80
135 48 56
136 64 72
137 80 80
138 64 80
139 56 48
140 72 64
141 72 80
142 64 80
143 64 56
144 80 72
145 80 80
146 48 48
147 64 56
148 80 72
149 80 80
150 48 48
151 56 64
152 72 80
153 72 80
154 48 48
155 64 72
156 80 80
157 80 80
158 48 48
159 64 72
160 80 80
161 64 80
162 56 48
163 72 64
164 72 80
165 64 80
166 64 56
167 80 72
168 80 80
169 48 48
170 64 56
171 80 72
172 80 80
173 48 48
174 56 64
175 72 80
176 72 80
177 48 48
178 64 72
179 80 80
180 80 80
181 48 48
182 64 72
183 80 80
184 64 80
185 56 48
186 72 64
187 72 80
188 64 80
189 64 56
190 80 72
191 80 80
192 48 80
193 64 56
194 80 72
195 80 80
196 48 48
197 56 64
198 72 80
199 72 80
200 48 48
201 64 72
202 80 80
203 80 80
204 48 48
205 64 72
206 80 80
207 64 80
208 56 48
209 72 64
210 72 80
211 64 80
212 64 56
213 80 72
214 80 80
215 48 80
216 64 56
217 80 72
218 80 80
219 48 48
220 56 64
221 72 80
222 72 80
223 48 48
224 64 72
225 80 80
226 80 80
227 48 48
228 64 72
229 80 80
230 64 80
231 48 48
232 72 64
233 72 80
234 64 80
235 48 56
236 80 72
237 80 80
238 48 80
239 64 56
240 80 72
241 80 80
242 48 48
243 56 64
244 72 80
245 72 80
246 48 48
247 64 72
248 80 80
249 80 80
250 48 48
251 64 72
252 80 80
253 80 80
254 48 48
255 72 64
256 72 80
257 64 80
258 48 56
259 80 72
260 80 80
261 48 80
262 64 56
263 80 72
264 80 80
265 64 48
266 56 64
267 72 80
268 72 80
269 48 48
270 64 56
271 80 80
272 80 80
273 48 48
274 64 72
275 80 80
276 80 80
277 48 48
278 72 64
279 72 80
280 64 80
281 48 56
282 80 72
283 80 80
284 48 80
285 48 56
286 80 72
287 80 80
288 64 48
289 56 64
290 72 80
291 72 80
292 48 48
293 64 56
294 80 80
295 80 80
296 48 48
297 64 72
298 80 80
299 80 80
300 48 48
301 72 64
302 72 80
303 72 80
304 48 56
305 80 72
306 80 80
307 48 80
308 48 56
309 80 72
310 80 80
311 64 48
312 56 48
313 72 80
314 72 80
315 64 48
316 64 56
317 80 80
318 80 80
319 48 48
320 64 56
321 80 80
322 80 80
323 48 48
324 72 64
325 72 80
326 72 80
327 48 56
328 80 72
329 80 80
330 48 80
331 48 56
332 80 72
333 80 80
334 64 48
335 56 48
336 72 80
337 72 80
338 64 48
339 64 56
340 80 80
341 80 80
342 48 48
343 64 56
344 80 80
345 80 80
346 48 48
347 72 64
348 72 80
349 72 80
350 48 56
351 64 72
352 80 80
353 80 80
354 48 56
355 80 72
356 80 80
357 64 48
358 56 48
359 72 80
360 72 80
361 64 48
362 64 56
363 80 80
364 80 80
365 48 48
366 64 56
367 80 80
368 80 80
369 48 48
370 72 64
371 72 80
372 72 80
373 48 56
374 64 72
375 80 80
376 80 80
377 48 56
378 80 72
379 80 80
380 64 80
381 56 48
382 72 80
383 72 80
384 64 48
385 64 56
386 80 72
387 80 80
388 48 48
389 64 56
390 80 80
391 80 80
392 48 48
393 56 64
394 72 80
395 72 80
396 48 48
397 64 72
398 80 80
399 80 80
400 48 56
401 64 72
402 80 80
403 64 80
404 56 48
405 72 80
406 72 80
407 64 48
408 64 56
409 80 72
410 80 80
411 48 48
412 64 56
413 80 80
414 80 80
415 48 48
416 56 64
417 72 80
418 72 80
419 48 48
420 64 72
421 80 80
422 80 80
423 48 56
424 64 72
425 80 80
426 64 80
427 56 48
428 72 64
429 72 80
430 64 80
431 64 56
432 80 72
433 80 80
434 48 48
435 64 56
436 80 72
437 80 80
438 48 48
439 56 64
440 72 80
441 72 80
442 48 48
443 64 72
444 80 80
445 80 80
446 48 48
447 64 72
448 80 80
449 64 80
450 56 48
451 72 64
452 72 80
453 64 80
454 64 56
455 80 72
456 80 80
457 48 48
458 64 56
459 80 72
460 80 80
461 48 48
462 56 64
463 72 80
464 72 80
465 48 48
466 64 72
467 80 80
468 80 80
469 48 48
470 64 72
471 80 80
472 64 80
473 56 48
474 72 64
475 72 80
476 64 80
477 64 56
478 80 72
479 80 80
480 48 80
481 64 56
482 80 72
483 80 80
484 48 48
485 56 64
486 72 80
487 72 80
488 48 48
489 64 72
490 80 80
491 80 80
492 48 48
493 64 72
494 80 80
495 64 80
496 56 48
497 72 64
498 72 80
499 64 80
500 64 56
501 80 72
502 80 80
503 48 80
504 64 56
505 80 72
506 80 80
507 48 48
508 56 64
509 72 80
510 72 80
511 48 48
512 64 72
513 80 80
514 80 80
515 48 48
516 64 72
517 80 80
518 64 80
519 48 48
520 72 64
521 72 80
522 64 80
523 48 56
524 80 72
525 80 80
526 48 80
527 64 56
528 80 72
529 80 80
530 48 48
531 56 64
532 72 80
533 72 80
534 48 48
535 64 72
536 80 80
537 80 80
538 48 48
539 64 72
540 80 80
541 80 80
542 48 48
543 72 64
544 72 80
545 64 80
546 48 56
547 80 72
548 80 80
549 48 80
550 64 56
551 80 72
552 80 80
553 64 48
554 56 64
555 72 80
556 72 80
557 48 48
558 64 56
559 80 80
560 80 80
561 48 48
562 64 72
563 80 80
564 80 80
565 48 48
566 72 64
567 72 80
568 64 80
569 48 56
570 80 72
571 80 80
572 48 80
573 48 56
574 80 72
575 80 80
576 64 48
577 56 64
578 72 80
579 72 80
580 48 48
581 64 56
582 80 80
583 80 80
584 48 48
585 64 72
586 80 80
587 80 80
588 48 48
589 72 64
590 72 80
591 72 80
592 48 56
593 80 72
594 80 80
595 48 80
596 48 56
597 80 72
598 80 80
599 64 48
600 56 48
601 72 80
602 72 80
603 64 48
604 64 56
605 80 80
606 80 80
607 48 48
608 64 56
609 80 80
610 80 80
611 48 48
612 72 64
613 72 80
614 72 80
615 48 56
616 80 72
617 80 80
618 48 80
619 48 56
620 80 72
621 80 80
622 64 48
623 56 48
624 72 80
625 72 80
626 64 48
627 64 56
628 80 80
629 80 80
630 48 48
631 64 56
632 80 80
633 80 80
634 48 48
635 72 64
636 72 80
637 72 80
638 48 56
639 64 72
640 80 80
641 80 80
642 48 56
643 80 72
644 80 80
645 64 48
646 56 48
647 72 80
648 72 80
649 64 48
650 64 56
651 80 80
652 80 80
653 48 48
654 64 56
655 80 80
656 80 80
657 48 48
658 72 64
659 72 80
660 72 80
661 48 56
662 64 72
663 80 80
664 80 80
665 48 56
666 80 72
667 80 80
668 64 80
669 56 48
670 72 80
671 72 80
672 64 48
673 64 56
674 80 72
675 80 80
676 48 48
677 64 56
678 80 80
679 80 80
680 48 48
681 56 64
682 72 80
683 72 80
684 48 48
685 64 72
686 80 80
687 80 80
688 48 56
689 64 72
690 80 80
691 64 80
692 56 48
693 72 80
694 72 80
695 64 48
696 64 56
697 80 72
698 80 80
699 48 48
700 64 56
701 80 80
702 80 80
703 48 48
704 56 64
705 72 80
706 72 80
707 48 48
708 64 72
709 80 80
710 80 80
711 48 56
712 64 72
713 80 80
714 64 80
715 56 48
716 72 64
717 72 80
718 64 80
719 64 56
720 80 72
721 80 80
722 48 48
723 64 56
724 80 72
725 80 80
726 48 48
727 56 64
728 72 80
729 72 80
730 48 48
731 64 72
732 80 80
733 80 80
734 48 48
735 64 72
736 80 80
737 64 80
738 56 48
739 72 64
740 72 80
741 64 80
742 64 56
743 80 72
744 80 80
745 48 48
746 64 56
747 80 72
748 80 80
749 48 48
750 56 64
751 72 80
752 72 80
753 48 48
754 64 72
755 80 80
756 80 80
757 48 48
758 64 72
759 80 80
760 64 80
761 56 48
762 72 64
763 72 80
764 64 80
765 64 56
766 80 72
767 80 80
768 48 80
769 64 56
770 80 72
771 80 80
772 48 48
773 56 64
774 72 80
775 72 80
776 48 48
777 64 72
778 80 80
779 80 80
780 48 48
781 64 72
782 80 80
783 64 80
784 56 48
785 72 64
786 72 80
787 64 80
788 64 56
789 80 72
790 80 80
791 48 80
792 64 56
793 80 72
794 80 80
795 48 48
796 56 64
797 72 80
798 72 80
799 48 48
800 64 72
801 80 80
802 80 80
803 48 48
804 64 72
805 80 80
806 64 80
807 48 48
808 72 64
809 72 80
810 64 80
811 48 56
812 80 72
813 80 80
814 48 80
815 64 56
816 80 72
817 80 80
818 48 48
819 56 64
820 72 80
821 72 80
822 48 48
823 64 72
824 80 80
825 80 80
826 48 48
827 64 72
828 80 80
829 80 80
830 48 48
831 72 64
832 72 80
833 64 80
834 48 56
835 80 72
836 80 80
837 48 80
838 64 56
839 80 72
840 80 80
841 64 48
842 56 64
843 72 80
844 72 80
845 48 48
846 64 56
847 80 80
848 80 80
849 48 48
850 64 72
851 80 80
852 80 80
853 48 48
854 72 64
855 72 80
856 64 80
857 48 56
858 80 72
859 80 80
860 48 80
861 48 56
862 80 72
863 80 80
864 64 48
865 56 64
866 72 80
867 72 80
868 48 48
869 64 56
870 80 80
871 80 80
872 48 48
873 64 72
874 80 80
875 80 80
876 48 48
877 72 64
878 72 80
879 72 80
880 48 56
881 80 72
882 80 80
883 48 80
884 48 56
885 80 72
886 80 80
887 64 48
888 56 48
889 72 80
890 72 80
891 64 48
892 64 56
893 80 80
894 80 80
895 48 48
896 64 56
897 80 80
898 80 80
899 48 48
900 72 64
901 72 80
902 72 80
903 48 56
904 80 72
905 80 80
906 48 80
907 48 56
908 80 72
909 80 80
910 64 48
911 56 48
912 72 80
913 72 80
914 64 48
915 64 56
916 80 80
917 80 80
918 48 48
919 64 56
920 80 80
921 80 80
922 48 48
923 72 64
924 72 80
925 72 80
926 48 56
927 64 72
928 80 80
929 80 80
930 48 56
931 80 72
932 80 80
933 64 48
934 56 48
935 72 80
936 72 80
937 64 48
938 64 56
939 80 80
940 80 80
941 48 48
942 64 56
943 80 80
944 80 80
945 48 48
946 72 64
947 72 80
948 72 80
949 48 56
950 64 72
951 80 80
952 80 80
953 48 56
954 80 72
955 80 80
956 64 80
957 56 48
958 72 80
959 72 80
960 64 48
961 64 56
962 80 72
963 80 80
964 48 48
965 64 56
966 80 80
967 80 80
968 48 48
969 56 64
970 72 80
971 72 80
972 48 48
973 64 72
974 80 80
975 80 80
976 48 56
977 64 72
978 80 80
979 64 80
980 56 48
981 72 80
982 72 80
983 64 48
984 64 56
985 80 72
986 80 80
987 48 48
988 64 56
989 80 80
990 80 80
991 48 48
992 56 64
993 72 80
994 72 80
995 48 48
996 64 72
997 80 80
998 80 80
999 48 56
