0 0 0
1 11 5
2 11 80
3 56 48
4 56 64
5 72 80
6 80 80
7 32 32
8 64 56
9 72 72
10 80 80
11 64 56
12 80 72
13 80 80
14 40 40
15 48 56
16 80 72
17 80 80
18 32 80
19 40 48
20 72 64
21 80 72
22 80 80
23 40 32
24 56 64
25 72 72
26 80 80
27 56 64
28 72 80
29 80 80
30 40 40
31 56 48
32 72 80
33 80 80
34 80 32
35 48 40
36 64 72
37 72 80
38 80 80
39 32 40
40 64 56
41 72 72
42 80 80
43 64 56
44 80 72
45 80 80
46 40 40
47 48 56
48 80 72
49 80 80
50 32 80
51 40 48
52 72 64
53 80 72
54 80 80
55 40 32
56 56 64
57 72 72
58 80 80
59 56 64
60 72 80
61 80 80
62 40 40
63 56 48
64 72 80
65 80 80
66 80 32
67 48 40
68 64 72
69 72 80
70 80 80
71 32 40
72 64 56
73 72 72
74 80 80
75 64 56
76 80 72
77 80 80
78 40 40
79 48 56
80 80 72
81 80 80
82 32 80
83 40 48
84 72 64
85 80 72
86 80 80
87 40 32
88 56 64
89 72 72
90 80 80
91 56 64
92 72 80
93 80 80
94 40 40
95 56 48
96 72 80
97 80 80
98 80 32
99 48 40
100 64 72
101 72 80
102 80 80
103 32 40
104 64 56
105 72 72
106 80 80
107 64 56
108 80 72
109 80 80
110 40 40
111 48 56
112 80 72
113 80 80
114 32 80
115 40 48
116 72 64
117 80 72
118 80 80
119 40 32
120 56 64
121 72 72
122 80 80
123 56 64
124 72 80
125 80 80
126 40 40
127 56 48
128 72 80
129 80 80
130 80 32
131 48 40
132 64 72
133 72 80
134 80 80
135 32 40
136 64 56
137 72 72
138 80 80
139 64 56
140 80 72
141 80 80
142 40 40
143 48 56
144 80 72
145 80 80
146 32 80
147 40 48
148 72 64
149 80 72
150 80 80
151 40 32
152 56 64
153 72 72
154 80 80
155 56 64
156 72 80
157 80 80
158 40 40
159 56 48
160 72 80
161 80 80
162 80 32
163 48 40
164 64 72
165 72 80
166 80 80
167 32 40
168 64 56
169 72 72
170 80 80
171 64 56
172 80 72
173 80 80
174 40 40
175 48 56
176 80 72
177 80 80
178 32 80
179 40 48
180 72 64
181 80 72
182 80 80
183 40 32
184 56 64
185 72 72
186 80 80
187 56 64
188 72 80
189 80 80
190 40 40
191 56 48
192 72 80
193 80 80
194 80 32
195 48 40
196 64 72
197 72 80
198 80 80
199 32 40
200 64 56
201 72 72
202 80 80
203 64 56
204 80 72
205 80 80
206 40 40
207 48 56
208 80 72
209 80 80
210 32 80
211 40 48
212 72 64
213 80 72
214 80 80
215 40 32
216 56 64
217 72 72
218 80 80
219 56 64
220 72 80
221 80 80
222 40 40
223 56 48
224 72 80
225 80 80
226 80 32
227 48 40
228 64 72
229 72 80
230 80 80
231 32 40
232 64 56
233 72 72
234 80 80
235 64 56
236 80 72
237 80 80
238 40 40
239 48 56
240 80 72
241 80 80
242 32 80
243 40 48
244 72 64
245 80 72
246 80 80
247 40 32
248 56 64
249 72 72
250 80 80
251 56 64
252 72 80
253 80 80
254 40 40
255 56 48
256 72 80
257 80 80
258 80 32
259 48 40
260 64 72
261 72 80
262 80 80
263 32 40
264 64 56
265 72 72
266 80 80
267 64 56
268 80 72
269 80 80
270 40 40
271 48 56
272 80 72
273 80 80
274 32 80
275 40 48
276 72 64
277 80 72
278 80 80
279 40 32
280 56 64
281 72 72
282 80 80
283 56 64
284 72 80
285 80 80
286 40 40
287 56 48
288 72 80
289 80 80
290 80 32
291 48 40
292 64 72
293 72 80
294 80 80
295 32 40
296 64 56
297 72 72
298 80 80
299 64 56
300 80 72
301 80 80
302 40 40
303 48 56
304 80 72
305 80 80
306 32 80
307 40 48
308 72 64
309 80 72
310 80 80
311 40 32
312 56 64
313 72 72
314 80 80
315 56 64
316 72 80
317 80 80
318 40 40
319 56 48
320 72 80
321 80 80
322 80 32
323 48 40
324 64 72
325 72 80
326 80 80
327 32 40
328 64 56
329 72 72
330 80 80
331 64 56
332 80 72
333 80 80
334 40 40
335 48 56
336 80 72
337 80 80
338 32 80
339 40 48
340 72 64
341 80 72
342 80 80
343 40 32
344 56 64
345 72 72
346 80 80
347 56 64
348 72 80
349 80 80
350 40 40
351 56 48
352 72 80
353 80 80
354 80 32
355 48 40
356 64 72
357 72 80
358 80 80
359 32 40
360 64 56
361 72 72
362 80 80
363 64 56
364 80 72
365 80 80
366 40 40
367 48 56
368 80 72
369 80 80
370 32 80
371 40 48
372 72 64
373 80 72
374 80 80
375 40 32
376 56 64
377 72 72
378 80 80
379 56 64
380 72 80
381 80 80
382 40 40
383 56 48
384 72 80
385 80 80
386 80 32
387 48 40
388 64 72
389 72 80
390 80 80
391 32 40
392 64 56
393 72 72
394 80 80
395 64 56
396 80 72
397 80 80
398 40 40
399 48 56
400 80 72
401 80 80
402 32 80
403 40 48
404 72 64
405 80 72
406 80 80
407 40 32
408 56 64
409 72 72
410 80 80
411 56 64
412 72 80
413 80 80
414 40 40
415 56 48
416 72 80
417 80 80
418 80 32
419 48 40
420 64 72
421 72 80
422 80 80
423 32 40
424 64 56
425 72 72
426 80 80
427 64 56
428 80 72
429 80 80
430 40 40
431 48 56
432 80 72
433 80 80
434 32 80
435 40 48
436 72 64
437 80 72
438 80 80
439 40 32
440 56 64
441 72 72
442 80 80
443 56 64
444 72 80
445 80 80
446 40 40
447 56 48
448 72 80
449 80 80
450 80 32
451 48 40
452 64 72
453 72 80
454 80 80
455 32 40
456 64 56
457 72 72
458 80 80
459 64 56
460 80 72
461 80 80
462 40 40
463 48 56
464 80 72
465 80 80
466 32 80
467 40 48
468 72 64
469 80 72
470 80 80
471 40 32
472 56 64
473 72 72
474 80 80
475 56 64
476 72 80
477 80 80
478 40 40
479 56 48
480 72 80
481 80 80
482 80 32
483 48 40
484 64 72
485 72 80
486 80 80
487 32 40
488 64 56
489 72 72
490 80 80
491 64 56
492 80 72
493 80 80
494 40 40
495 48 56
496 80 72
497 80 80
498 32 80
499 40 48
500 72 64
501 80 72
502 80 80
503 40 32
504 56 64
505 72 72
506 80 80
507 56 64
508 72 80
509 80 80
510 40 40
511 56 48
512 72 80
513 80 80
514 80 32
515 48 40
516 64 72
517 72 80
518 80 80
519 32 40
520 64 56
521 72 72
522 80 80
523 64 56
524 80 72
525 80 80
526 40 40
527 48 56
528 80 72
529 80 80
530 32 80
531 40 48
532 72 64
533 80 72
534 80 80
535 40 32
536 56 64
537 72 72
538 80 80
539 56 64
540 72 80
541 80 80
542 40 40
543 56 48
544 72 80
545 80 80
546 80 32
547 48 40
548 64 72
549 72 80
550 80 80
551 32 40
552 64 56
553 72 72
554 80 80
555 64 56
556 80 72
557 80 80
558 40 40
559 48 56
560 80 72
561 80 80
562 32 80
563 40 48
564 72 64
565 80 72
566 80 80
567 40 32
568 56 64
569 72 72
570 80 80
571 56 64
572 72 80
573 80 80
574 40 40
575 56 48
576 72 80
577 80 80
578 80 32
579 48 40
580 64 72
581 72 80
582 80 80
583 32 40
584 64 56
585 72 72
586 80 80
587 64 56
588 80 72
589 80 80
590 40 40
591 48 56
592 80 72
593 80 80
594 32 80
595 40 48
596 72 64
597 80 72
598 80 80
599 40 32
600 56 64
601 72 72
602 80 80
603 56 64
604 72 80
605 80 80
606 40 40
607 56 48
608 72 80
609 80 80
610 80 32
611 48 40
612 64 72
613 72 80
614 80 80
615 32 40
616 64 56
617 72 72
618 80 80
619 64 56
620 80 72
621 80 80
622 40 40
623 48 56
624 80 72
625 80 80
626 32 80
627 40 48
628 72 64
629 80 72
630 80 80
631 40 32
632 56 64
633 72 72
634 80 80
635 56 64
636 72 80
637 80 80
638 40 40
639 56 48
640 72 80
641 80 80
642 80 32
643 48 40
644 64 72
645 72 80
646 80 80
647 32 40
648 64 56
649 72 72
650 80 80
651 64 56
652 80 72
653 80 80
654 40 40
655 48 56
656 80 72
657 80 80
658 32 80
659 40 48
660 72 64
661 80 72
662 80 80
663 40 32
664 56 64
665 72 72
666 80 80
667 56 64
668 72 80
669 80 80
670 40 40
671 56 48
672 72 80
673 80 80
674 80 32
675 48 40
676 64 72
677 72 80
678 80 80
679 32 40
680 64 56
681 72 72
682 80 80
683 64 56
684 80 72
685 80 80
686 40 40
687 48 56
688 80 72
689 80 80
690 32 80
691 40 48
692 72 64
693 80 72
694 80 80
695 40 32
696 56 64
697 72 72
698 80 80
699 56 64
700 72 80
701 80 80
702 40 40
703 56 48
704 72 80
705 80 80
706 80 32
707 48 40
708 64 72
709 72 80
710 80 80
711 32 40
712 64 56
713 72 72
714 80 80
715 64 56
716 80 72
717 80 80
718 40 40
719 48 56
720 80 72
721 80 80
722 32 80
723 40 48
724 72 64
725 80 72
726 80 80
727 40 32
728 56 64
729 72 72
730 80 80
731 56 64
732 72 80
733 80 80
734 40 40
735 56 48
736 72 80
737 80 80
738 80 32
739 48 40
740 64 72
741 72 80
742 80 80
743 32 40
744 64 56
745 72 72
746 80 80
747 64 56
748 80 72
749 80 80
750 40 40
751 48 56
752 80 72
753 80 80
754 32 80
755 40 48
756 72 64
757 80 72
758 80 80
759 40 32
760 56 64
761 72 72
762 80 80
763 56 64
764 72 80
765 80 80
766 40 40
767 56 48
768 72 80
769 80 80
770 80 32
771 48 40
772 64 72
773 72 80
774 80 80
775 32 40
776 64 56
777 72 72
778 80 80
779 64 56
780 80 72
781 80 80
782 40 40
783 48 56
784 80 72
785 80 80
786 32 80
787 40 48
788 72 64
789 80 72
790 80 80
791 40 32
792 56 64
793 72 72
794 80 80
795 56 64
796 72 80
797 80 80
798 40 40
799 56 48
800 72 80
801 80 80
802 80 32
803 48 40
804 64 72
805 72 80
806 80 80
807 32 40
808 64 56
809 72 72
810 80 80
811 64 56
812 80 72
813 80 80
814 40 40
815 48 56
816 80 72
817 80 80
818 32 80
819 40 48
820 72 64
821 80 72
822 80 80
823 40 32
824 56 64
825 72 72
826 80 80
827 56 64
828 72 80
829 80 80
830 40 40
831 56 48
832 72 80
833 80 80
834 80 32
835 48 40
836 64 72
837 72 80
838 80 80
839 32 40
840 64 56
841 72 72
842 80 80
843 64 56
844 80 72
845 80 80
846 40 40
847 48 56
848 80 72
849 80 80
850 32 80
851 40 48
852 72 64
853 80 72
854 80 80
855 40 32
856 56 64
857 72 72
858 80 80
859 56 64
860 72 80
861 80 80
862 40 40
863 56 48
864 72 80
865 80 80
866 80 32
867 48 40
868 64 72
869 72 80
870 80 80
871 32 40
872 64 56
873 72 72
874 80 80
875 64 56
876 80 72
877 80 80
878 40 40
879 48 56
880 80 72
881 80 80
882 32 80
883 40 48
884 72 64
885 80 72
886 80 80
887 40 32
888 56 64
889 72 72
890 80 80
891 56 64
892 72 80
893 80 80
894 40 40
895 56 48
896 72 80
897 80 80
898 80 32
899 48 40
900 64 72
901 72 80
902 80 80
903 32 40
904 64 56
905 72 72
906 80 80
907 64 56
908 80 72
909 80 80
910 40 40
911 48 56
912 80 72
913 80 80
914 32 80
915 40 48
916 72 64
917 80 72
918 80 80
919 40 32
920 56 64
921 72 72
922 80 80
923 56 64
924 72 80
925 80 80
926 40 40
927 56 48
928 72 80
929 80 80
930 80 32
931 48 40
932 64 72
933 72 80
934 80 80
935 32 40
936 64 56
937 72 72
938 80 80
939 64 56
940 80 72
941 80 80
942 40 40
943 48 56
944 80 72
945 80 80
946 32 80
947 40 48
948 72 64
949 80 72
950 80 80
951 40 32
952 56 64
953 72 72
954 80 80
955 56 64
956 72 80
957 80 80
958 40 40
959 56 48
960 72 80
961 80 80
962 80 32
963 48 40
964 64 72
965 72 80
966 80 80
967 32 40
968 64 56
969 72 72
970 80 80
971 64 56
972 80 72
973 80 80
974 40 40
975 48 56
976 80 72
977 80 80
978 32 80
979 40 48
980 72 64
981 80 72
982 80 80
983 40 32
984 56 64
985 72 72
986 80 80
987 56 64
988 72 80
989 80 80
990 40 40
991 56 48
992 72 80
993 80 80
994 80 32
995 48 40
996 64 72
997 72 80
998 80 80
999 32 40
