0 0 0
1 46 31
2 62 61
3 54 62
4 46 46
5 46 46
6 46 46
7 46 46
8 47 46
9 46 46
10 46 47
11 46 46
12 46 46
13 46 46
14 47 46
15 46 46
16 46 47
17 46 46
18 46 46
19 46 46
20 46 46
21 46 46
22 46 46
23 46 46
24 46 46
25 46 46
26 46 46
27 46 46
28 46 46
29 46 46
30 46 46
31 47 46
32 46 46
33 46 47
34 46 46
35 46 46
36 46 46
37 47 46
38 46 46
39 46 47
40 46 46
41 46 46
42 46 46
43 46 46
44 46 46
45 46 46
46 46 46
47 46 46
48 46 46
49 46 46
50 46 46
51 46 46
52 46 46
53 46 46
54 47 46
55 46 46
56 46 47
57 46 46
58 46 46
59 46 46
60 47 46
61 46 46
62 46 47
63 46 46
64 46 46
65 46 46
66 46 46
67 46 46
68 46 46
69 46 46
70 46 46
71 46 46
72 46 46
73 46 46
74 46 46
75 46 46
76 46 46
77 47 46
78 46 46
79 46 46
80 46 46
81 46 46
82 46 46
83 47 46
84 46 46
85 46 46
86 46 46
87 46 46
88 46 46
89 46 46
90 46 46
91 46 47
92 46 46
93 46 46
94 46 46
95 46 46
96 46 46
97 46 47
98 46 46
99 46 46
100 47 46
101 46 46
102 46 46
103 46 46
104 46 46
105 46 46
106 47 46
107 46 46
108 46 46
109 46 46
110 46 46
111 46 46
112 46 46
113 46 46
114 46 47
115 46 46
116 46 46
117 46 46
118 46 46
119 46 46
120 46 47
121 46 46
122 46 46
123 47 46
124 46 46
125 46 46
126 46 46
127 46 46
128 46 46
129 47 46
130 46 46
131 46 46
132 46 46
133 46 46
134 46 46
135 46 46
136 46 46
137 46 47
138 46 46
139 46 46
140 46 46
141 46 46
142 46 46
143 46 47
144 46 46
145 46 46
146 47 46
147 46 46
148 46 46
149 46 46
150 46 46
151 46 46
152 47 46
153 46 46
154 46 46
155 46 46
156 46 46
157 46 46
158 46 46
159 46 46
160 46 47
161 46 46
162 46 46
163 46 46
164 46 46
165 46 46
166 46 47
167 46 46
168 46 46
169 47 46
170 46 46
171 46 46
172 46 46
173 46 46
174 46 46
175 47 46
176 46 46
177 46 46
178 46 46
179 46 46
180 46 46
181 46 46
182 46 46
183 46 47
184 46 46
185 46 46
186 46 46
187 46 46
188 46 46
189 46 47
190 46 46
191 46 46
192 46 46
193 46 46
194 46 46
195 46 46
196 46 46
197 46 46
198 46 46
199 46 46
200 46 46
201 46 46
202 46 46
203 46 46
204 47 46
205 46 46
206 46 47
207 46 46
208 46 46
209 46 46
210 47 46
211 46 46
212 46 47
213 46 46
214 46 46
215 46 46
216 46 46
217 46 46
218 46 46
219 46 46
220 46 46
221 46 46
222 46 46
223 46 46
224 46 46
225 46 46
226 46 46
227 47 46
228 46 46
229 46 47
230 46 46
231 46 46
232 46 46
233 47 46
234 46 46
235 46 47
236 46 46
237 46 46
238 46 46
239 46 46
240 46 46
241 46 46
242 46 46
243 46 46
244 46 46
245 46 46
246 46 46
247 46 46
248 46 46
249 46 46
250 47 46
251 46 46
252 46 47
253 46 46
254 46 46
255 46 46
256 47 46
257 46 46
258 46 47
259 46 46
260 46 46
261 46 46
262 46 46
263 46 46
264 46 46
265 46 46
266 46 46
267 46 46
268 46 46
269 46 46
270 46 46
271 46 46
272 46 46
273 47 46
274 46 46
275 46 47
276 46 46
277 46 46
278 46 46
279 47 46
280 46 46
281 46 47
282 46 46
283 46 46
284 46 46
285 46 46
286 46 46
287 46 46
288 46 46
289 46 46
290 46 46
291 46 46
292 46 46
293 46 46
294 46 46
295 46 46
296 47 46
297 46 46
298 46 47
299 46 46
300 46 46
301 46 46
302 47 46
303 46 46
304 46 47
305 46 46
306 46 46
307 46 46
308 46 46
309 46 46
310 46 46
311 46 46
312 46 46
313 46 46
314 46 46
315 46 46
316 46 46
317 46 46
318 46 46
319 47 46
320 46 46
321 46 47
322 46 46
323 46 46
324 46 46
325 47 46
326 46 46
327 46 47
328 46 46
329 46 46
330 46 46
331 46 46
332 46 46
333 46 46
334 46 46
335 46 46
336 46 46
337 46 46
338 46 46
339 46 46
340 46 46
341 46 46
342 47 46
343 46 46
344 46 47
345 46 46
346 46 46
347 46 46
348 47 46
349 46 46
350 46 47
351 46 46
352 46 46
353 46 46
354 46 46
355 46 46
356 46 46
357 46 46
358 46 46
359 46 46
360 46 46
361 46 46
362 46 46
363 46 46
364 46 46
365 47 46
366 46 46
367 46 46
368 46 46
369 46 46
370 46 46
371 47 46
372 46 46
373 46 46
374 46 46
375 46 46
376 46 46
377 46 46
378 46 46
379 46 47
380 46 46
381 46 46
382 46 46
383 46 46
384 46 46
385 46 47
386 46 46
387 46 46
388 47 46
389 46 46
390 46 46
391 46 46
392 46 46
393 46 46
394 47 46
395 46 46
396 46 46
397 46 46
398 46 46
399 46 46
400 46 46
401 46 46
402 46 47
403 46 46
404 46 46
405 46 46
406 46 46
407 46 46
408 46 47
409 46 46
410 46 46
411 47 46
412 46 46
413 46 46
414 46 46
415 46 46
416 46 46
417 47 46
418 46 46
419 46 46
420 46 46
421 46 46
422 46 46
423 46 46
424 46 46
425 46 47
426 46 46
427 46 46
428 46 46
429 46 46
430 46 46
431 46 47
432 46 46
433 46 46
434 47 46
435 46 46
436 46 46
437 46 46
438 46 46
439 46 46
440 47 46
441 46 46
442 46 46
443 46 46
444 46 46
445 46 46
446 46 46
447 46 46
448 46 47
449 46 46
450 46 46
451 46 46
452 46 46
453 46 46
454 46 47
455 46 46
456 46 46
457 47 46
458 46 46
459 46 46
460 46 46
461 46 46
462 46 46
463 47 46
464 46 46
465 46 46
466 46 46
467 46 46
468 46 46
469 46 46
470 46 46
471 46 47
472 46 46
473 46 46
474 46 46
475 46 46
476 46 46
477 46 47
478 46 46
479 46 46
480 46 46
481 46 46
482 46 46
483 46 46
484 46 46
485 46 46
486 46 46
487 46 46
488 46 46
489 46 46
490 46 46
491 46 46
492 47 46
493 46 46
494 46 47
495 46 46
496 46 46
497 46 46
498 47 46
499 46 46
500 46 47
501 46 46
502 46 46
503 46 46
504 46 46
505 46 46
506 46 46
507 46 46
508 46 46
509 46 46
510 46 46
511 46 46
512 46 46
513 46 46
514 46 46
515 47 46
516 46 46
517 46 47
518 46 46
519 46 46
520 46 46
521 47 46
522 46 46
523 46 47
524 46 46
525 46 46
526 46 46
527 46 46
528 46 46
529 46 46
530 46 46
531 46 46
532 46 46
533 46 46
534 46 46
535 46 46
536 46 46
537 46 46
538 47 46
539 46 46
540 46 47
541 46 46
542 46 46
543 46 46
544 47 46
545 46 46
546 46 47
547 46 46
548 46 46
549 46 46
550 46 46
551 46 46
552 46 46
553 46 46
554 46 46
555 46 46
556 46 46
557 46 46
558 46 46
559 46 46
560 46 46
561 47 46
562 46 46
563 46 47
564 46 46
565 46 46
566 46 46
567 47 46
568 46 46
569 46 47
570 46 46
571 46 46
572 46 46
573 46 46
574 46 46
575 46 46
576 46 46
577 46 46
578 46 46
579 46 46
580 46 46
581 46 46
582 46 46
583 46 46
584 47 46
585 46 46
586 46 47
587 46 46
588 46 46
589 46 46
590 47 46
591 46 46
592 46 47
593 46 46
594 46 46
595 46 46
596 46 46
597 46 46
598 46 46
599 46 46
600 46 46
601 46 46
602 46 46
603 46 46
604 46 46
605 46 46
606 46 46
607 47 46
608 46 46
609 46 47
610 46 46
611 46 46
612 46 46
613 47 46
614 46 46
615 46 47
616 46 46
617 46 46
618 46 46
619 46 46
620 46 46
621 46 46
622 46 46
623 46 46
624 46 46
625 46 46
626 46 46
627 46 46
628 46 46
629 46 46
630 47 46
631 46 46
632 46 47
633 46 46
634 46 46
635 46 46
636 47 46
637 46 46
638 46 47
639 46 46
640 46 46
641 46 46
642 46 46
643 46 46
644 46 46
645 46 46
646 46 46
647 46 46
648 46 46
649 46 46
650 46 46
651 46 46
652 46 46
653 47 46
654 46 46
655 46 46
656 46 46
657 46 46
658 46 46
659 47 46
660 46 46
661 46 46
662 46 46
663 46 46
664 46 46
665 46 46
666 46 46
667 46 47
668 46 46
669 46 46
670 46 46
671 46 46
672 46 46
673 46 47
674 46 46
675 46 46
676 47 46
677 46 46
678 46 46
679 46 46
680 46 46
681 46 46
682 47 46
683 46 46
684 46 46
685 46 46
686 46 46
687 46 46
688 46 46
689 46 46
690 46 47
691 46 46
692 46 46
693 46 46
694 46 46
695 46 46
696 46 47
697 46 46
698 46 46
699 47 46
700 46 46
701 46 46
702 46 46
703 46 46
704 46 46
705 47 46
706 46 46
707 46 46
708 46 46
709 46 46
710 46 46
711 46 46
712 46 46
713 46 47
714 46 46
715 46 46
716 46 46
717 46 46
718 46 46
719 46 47
720 46 46
721 46 46
722 47 46
723 46 46
724 46 46
725 46 46
726 46 46
727 46 46
728 47 46
729 46 46
730 46 46
731 46 46
732 46 46
733 46 46
734 46 46
735 46 46
736 46 47
737 46 46
738 46 46
739 46 46
740 46 46
741 46 46
742 46 47
743 46 46
744 46 46
745 47 46
746 46 46
747 46 46
748 46 46
749 46 46
750 46 46
751 47 46
752 46 46
753 46 46
754 46 46
755 46 46
756 46 46
757 46 46
758 46 46
759 46 47
760 46 46
761 46 46
762 46 46
763 46 46
764 46 46
765 46 47
766 46 46
767 46 46
768 46 46
769 46 46
770 46 46
771 46 46
772 46 46
773 46 46
774 46 46
775 46 46
776 46 46
777 46 46
778 46 46
779 46 46
780 47 46
781 46 46
782 46 47
783 46 46
784 46 46
785 46 46
786 47 46
787 46 46
788 46 47
789 46 46
790 46 46
791 46 46
792 46 46
793 46 46
794 46 46
795 46 46
796 46 46
797 46 46
798 46 46
799 46 46
800 46 46
801 46 46
802 46 46
803 47 46
804 46 46
805 46 47
806 46 46
807 46 46
808 46 46
809 47 46
810 46 46
811 46 47
812 46 46
813 46 46
814 46 46
815 46 46
816 46 46
817 46 46
818 46 46
819 46 46
820 46 46
821 46 46
822 46 46
823 46 46
824 46 46
825 46 46
826 47 46
827 46 46
828 46 47
829 46 46
830 46 46
831 46 46
832 47 46
833 46 46
834 46 47
835 46 46
836 46 46
837 46 46
838 46 46
839 46 46
840 46 46
841 46 46
842 46 46
843 46 46
844 46 46
845 46 46
846 46 46
847 46 46
848 46 46
849 47 46
850 46 46
851 46 47
852 46 46
853 46 46
854 46 46
855 47 46
856 46 46
857 46 47
858 46 46
859 46 46
860 46 46
861 46 46
862 46 46
863 46 46
864 46 46
865 46 46
866 46 46
867 46 46
868 46 46
869 46 46
870 46 46
871 46 46
872 47 46
873 46 46
874 46 47
875 46 46
876 46 46
877 46 46
878 47 46
879 46 46
880 46 47
881 46 46
882 46 46
883 46 46
884 46 46
885 46 46
886 46 46
887 46 46
888 46 46
889 46 46
890 46 46
891 46 46
892 46 46
893 46 46
894 46 46
895 47 46
896 46 46
897 46 47
898 46 46
899 46 46
900 46 46
901 47 46
902 46 46
903 46 47
904 46 46
905 46 46
906 46 46
907 46 46
908 46 46
909 46 46
910 46 46
911 46 46
912 46 46
913 46 46
914 46 46
915 46 46
916 46 46
917 46 46
918 47 46
919 46 46
920 46 47
921 46 46
922 46 46
923 46 46
924 47 46
925 46 46
926 46 47
927 46 46
928 46 46
929 46 46
930 46 46
931 46 46
932 46 46
933 46 46
934 46 46
935 46 46
936 46 46
937 46 46
938 46 46
939 46 46
940 46 46
941 47 46
942 46 46
943 46 46
944 46 46
945 46 46
946 46 46
947 47 46
948 46 46
949 46 46
950 46 46
951 46 46
952 46 46
953 46 46
954 46 46
955 46 47
956 46 46
957 46 46
958 46 46
959 46 46
960 46 46
961 46 47
962 46 46
963 46 46
964 47 46
965 46 46
966 46 46
967 46 46
968 46 46
969 46 46
970 47 46
971 46 46
972 46 46
973 46 46
974 46 46
975 46 46
976 46 46
977 46 46
978 46 47
979 46 46
980 46 46
981 46 46
982 46 46
983 46 46
984 46 47
985 46 46
986 46 46
987 47 46
988 46 46
989 46 46
990 46 46
991 46 46
992 46 46
993 47 46
994 46 46
995 46 46
996 46 46
997 46 46
998 46 46
999 46 46
