0 1 1
0.10000000000000001 2 2
0.20000000000000001 3 2
0.30000000000000004 4 1
0.40000000000000002 4 2
0.5 2 2.5
0.59999999999999998 2.5 2.5
0.69999999999999996 3.24483 2.5
0.79999999999999993 3.24483 2.5
0.89999999999999991 3.24483 1
0.99999999999999989 3.24483 2
1.0999999999999999 1 2
1.2 1 2.5
1.3 1 2.5
1.4000000000000001 1 2.5
1.5000000000000002 2.5 2.5
1.6000000000000003 2.5 2.5
1.7000000000000004 2.5 2.9
1.8000000000000005 2.5 2.9
1.9000000000000006 2.5 2.9
2.0000000000000004 2.5 2.9
2.1000000000000005 2.9 2.9
2.2000000000000006 2.9 2.9
2.3000000000000007 2.9 2.9
2.4000000000000008 2.9 2.9
2.5000000000000009 3.24483 1
2.600000000000001 3.55301 1
2.7000000000000011 4.09525 1
2.8000000000000012 4.09525 1
2.9000000000000012 4.33944 2
3.0000000000000013 4.56988 2
3.1000000000000014 4.99753 2
3.2000000000000015 4.99753 2
3.3000000000000016 4.99753 2.9
3.4000000000000017 5.19763 2.9
3.5000000000000018 5.57555 2.9
3.6000000000000019 5.75491 2.9
3.700000000000002 5.75491 3.24483
3.800000000000002 5.75491 3.55301
3.9000000000000021 6.09735 3.55301
4.0000000000000018 6.26135 3.55301
4.1000000000000014 6.42106 3.55301
4.2000000000000011 6.5768 3.55301
4.3000000000000007 6.5768 3.83446
4.4000000000000004 6.5768 4.09525
4.5 6.72885 4.33944
4.5999999999999996 6.87746 4.33944
4.6999999999999993 7.16526 4.33944
4.7999999999999989 7.30482 4.33944
4.8999999999999986 7.44171 4.33944
4.9999999999999982 7.44171 4.56988
5.0999999999999979 7.44171 4.78871
5.1999999999999975 7.44171 4.99753
5.2999999999999972 7.57609 5.19763
5.3999999999999968 7.70809 5.19763
5.4999999999999964 7.83782 5.19763
5.5999999999999961 7.83782 5.19763
5.6999999999999957 3.91891 5.19763
5.7999999999999954 3.91891 5.39003
5.899999999999995 3.91891 5.57555
5.9999999999999947 3.91891 5.75491
6.0999999999999943 3.91891 5.92867
6.199999999999994 3.91891 5.92867
6.2999999999999936 3.91891 5.92867
6.3999999999999932 3.91891 5.92867
6.4999999999999929 4.17408 5.92867
6.5999999999999925 4.17408 5.92867
6.6999999999999922 4.17408 5.92867
6.7999999999999918 4.17408 2.96434
6.8999999999999915 4.41366 2.96434
6.9999999999999911 4.64023 2.96434
7.0999999999999908 5.06168 2.96434
7.1999999999999904 5.06168 2.96434
7.2999999999999901 5.06168 2.96434
7.3999999999999897 5.06168 3.30168
7.4999999999999893 5.44938 3.30168
7.599999999999989 5.63289 3.30168
7.6999999999999886 5.81042 3.30168
7.7999999999999883 5.98252 3.30168
7.8999999999999879 5.98252 3.60456
7.9999999999999876 5.98252 3.88198
8.0999999999999872 6.14967 4.13958
8.1999999999999869 6.31228 4.13958
8.2999999999999865 6.62525 4.13958
8.3999999999999861 6.77619 4.13958
8.4999999999999858 6.77619 4.38115
8.5999999999999854 6.77619 4.6094
8.6999999999999851 6.77619 4.82635
8.7999999999999847 6.92376 5.03355
8.8999999999999844 7.06819 5.03355
8.999999999999984 7.20967 5.03355
9.0999999999999837 7.48446 5.03355
9.1999999999999833 7.61807 5.03355
9.2999999999999829 7.61807 5.23221
9.3999999999999826 7.61807 5.42334
9.4999999999999822 7.61807 5.60773
9.5999999999999819 7.74933 5.78605
9.6999999999999815 7.87838 5.78605
9.7999999999999812 7.87838 5.78605
9.8999999999999808 3.93919 5.78605
9.9999999999999805 3.93919 5.78605
10.09999999999998 3.93919 5.78605
10.19999999999998 3.93919 5.78605
10.299999999999979 3.93919 2.89303
10.399999999999979 3.93919 2.89303
10.499999999999979 3.93919 2.89303
10.599999999999978 3.93919 2.89303
10.699999999999978 4.19305 2.89303
10.799999999999978 4.19305 2.89303
10.899999999999977 4.19305 2.89303
10.999999999999977 4.19305 3.23868
11.099999999999977 4.65719 3.23868
11.199999999999976 4.87192 3.23868
11.299999999999976 5.07717 3.23868
11.399999999999975 5.07717 3.54745
11.499999999999975 5.07717 3.82934
11.599999999999975 5.27413 4.09049
11.699999999999974 5.46374 4.09049
11.799999999999974 5.64676 4.09049
11.899999999999974 5.99556 4.09049
11.999999999999973 5.99556 4.09049
12.099999999999973 5.99556 4.56564
12.199999999999973 5.99556 4.78467
12.299999999999972 6.16235 4.99367
12.399999999999972 6.32463 4.99367
12.499999999999972 6.48274 4.99367
12.599999999999971 6.637 4.99367
12.699999999999971 6.78767 4.99367
12.799999999999971 6.78767 5.19392
12.89999999999997 6.78767 5.5721
12.99999999999997 6.78767 5.75157
13.099999999999969 7.07919 5.75157
13.199999999999969 7.22045 5.75157
13.299999999999969 7.35894 5.75157
13.399999999999968 7.49483 5.75157
13.499999999999968 7.62826 5.75157
13.599999999999968 7.62826 5.92544
13.699999999999967 7.62826 5.92544
13.799999999999967 7.62826 2.96272
13.899999999999967 7.88823 2.96272
13.999999999999966 7.88823 2.96272
14.099999999999966 7.88823 2.96272
14.199999999999966 3.94411 2.96272
14.299999999999965 3.94411 2.96272
14.399999999999965 3.94411 2.96272
14.499999999999964 3.94411 2.96272
14.599999999999964 3.94411 3.30025
14.699999999999964 3.94411 3.30025
14.799999999999963 3.94411 3.30025
14.899999999999963 3.94411 3.30025
14.999999999999963 4.19766 3.30025
15.099999999999962 4.19766 3.60325
15.199999999999962 4.19766 3.88078
15.299999999999962 4.43588 4.13846
15.399999999999961 4.66132 4.13846
15.499999999999961 5.08094 4.13846
15.599999999999961 5.08094 4.13846
15.69999999999996 5.08094 4.6084
15.79999999999996 5.08094 4.8254
15.899999999999959 5.27776 5.03263
15.999999999999959 5.46723 5.03263
16.099999999999959 5.65014 5.03263
16.19999999999996 5.82713 5.03263
16.299999999999962 5.99874 5.03263
16.399999999999963 5.99874 5.23134
16.499999999999964 5.99874 5.60691
16.599999999999966 5.99874 5.78526
16.699999999999967 6.16544 5.95811
16.799999999999969 6.32763 5.95811
16.89999999999997 6.48567 5.95811
16.999999999999972 6.63986 5.95811
17.099999999999973 6.79046 5.95811
17.199999999999974 6.79046 6.12595
17.299999999999976 6.79046 6.4482
17.399999999999977 6.79046 6.60328
17.499999999999979 6.93773 6.75472
17.59999999999998 6.93773 6.75472
17.699999999999982 6.93773 6.75472
17.799999999999983 3.46886 6.75472
17.899999999999984 3.46886 6.75472
17.999999999999986 3.46886 6.90276
18.099999999999987 3.46886 6.90276
18.199999999999989 3.46886 3.45138
18.29999999999999 3.46886 3.45138
18.399999999999991 3.46886 3.45138
18.499999999999993 3.46886 3.45138
18.599999999999994 3.75714 3.45138
18.699999999999996 3.75714 3.45138
18.799999999999997 3.75714 3.45138
18.899999999999999 3.75714 3.74112
19 4.0233 3.74112
19.100000000000001 4.50594 3.74112
19.200000000000003 4.50594 3.74112
19.300000000000004 4.50594 4.25789
19.400000000000006 4.50594 4.49275
19.500000000000007 4.93939 4.49275
19.600000000000009 5.14184 4.49275
19.70000000000001 5.33632 4.49275
19.800000000000011 5.33632 4.71533
19.900000000000013 5.33632 4.92741
20.000000000000014 5.33632 5.13035
20.100000000000016 5.52372 5.32527
20.200000000000017 5.70475 5.32527
20.300000000000018 6.05011 5.32527
20.40000000000002 6.2154 5.32527
20.500000000000021 6.2154 5.51306
20.600000000000023 6.2154 5.69444
20.700000000000024 6.2154 5.87005
20.800000000000026 6.2154 6.04041
20.900000000000027 6.37629 6.20596
21.000000000000028 6.53312 6.20596
21.10000000000003 6.83575 6.20596
21.200000000000031 6.83575 6.20596
21.300000000000033 6.83575 6.3671
21.400000000000034 6.83575 6.52415
21.500000000000036 6.83575 6.67743
21.600000000000037 6.83575 6.82719
21.700000000000038 6.83575 6.82719
21.80000000000004 3.41787 6.82719
21.900000000000041 3.41787 6.82719
22.000000000000043 3.41787 6.82719
22.100000000000044 3.41787 6.82719
22.200000000000045 3.41787 3.41359
22.300000000000047 3.41787 3.41359
22.400000000000048 3.41787 3.41359
22.50000000000005 3.41787 3.41359
22.600000000000051 3.71045 3.41359
22.700000000000053 3.97996 3.41359
22.800000000000054 3.97996 3.41359
22.900000000000055 3.97996 3.97633
23.000000000000057 4.23122 3.97633
23.100000000000058 4.6914 3.97633
23.20000000000006 4.6914 3.97633
23.300000000000061 4.6914 4.46435
23.400000000000063 4.6914 4.68835
23.500000000000064 5.10844 4.68835
23.600000000000065 5.3042 4.68835
23.700000000000067 5.49273 4.68835
23.800000000000068 5.49273 4.90164
23.90000000000007 5.49273 5.10566
24.000000000000071 5.49273 5.30152
24.100000000000072 5.67479 5.49014
24.200000000000074 5.85101 5.49014
24.300000000000075 6.18798 5.49014
24.400000000000077 6.34958 5.49014
24.500000000000078 6.34958 5.67229
24.60000000000008 6.34958 5.84858
24.700000000000081 6.34958 6.01956
24.800000000000082 6.34958 6.18569
24.900000000000084 6.50707 6.34735
25.000000000000085 6.66075 6.34735
25.100000000000087 6.81088 6.34735
25.200000000000088 6.81088 6.34735
25.30000000000009 6.81088 6.5049
25.400000000000091 6.81088 6.65863
25.500000000000092 6.81088 6.80881
25.600000000000094 6.81088 6.80881
25.700000000000095 3.40544 6.80881
25.800000000000097 3.40544 6.80881
25.900000000000098 3.40544 6.80881
26.000000000000099 3.40544 6.80881
26.100000000000101 3.40544 3.4044
26.200000000000102 3.40544 3.4044
26.300000000000104 3.40544 3.4044
26.400000000000105 3.40544 3.4044
26.500000000000107 3.69909 3.4044
26.600000000000108 3.96943 3.4044
26.700000000000109 4.22135 3.4044
26.800000000000111 4.22135 3.69814
26.900000000000112 4.22135 4.22053
27.000000000000114 4.45824 4.22053
27.100000000000115 4.89611 4.22053
27.200000000000117 5.10035 4.22053
27.300000000000118 5.10035 4.45747
27.400000000000119 5.10035 4.68181
27.500000000000121 5.10035 4.8954
27.600000000000122 5.29641 5.09968
27.700000000000124 5.48522 5.09968
27.800000000000125 5.66753 5.09968
27.900000000000126 6.01509 5.09968
28.000000000000128 6.01509 5.09968
28.100000000000129 6.01509 5.4846
28.200000000000131 6.01509 5.66692
28.300000000000132 6.01509 5.84339
28.400000000000134 6.18134 6.01452
28.500000000000135 6.34312 6.01452
28.600000000000136 6.50077 6.01452
28.700000000000138 6.80487 6.01452
28.800000000000139 6.80487 6.01452
28.900000000000141 6.80487 6.34258
29.000000000000142 6.80487 6.50024
29.100000000000144 6.80487 6.65408
29.200000000000145 6.80487 6.80437
29.300000000000146 6.80487 6.80437
29.400000000000148 3.40243 6.80437
29.500000000000149 3.40243 6.80437
29.600000000000151 3.40243 6.80437
29.700000000000152 3.40243 6.80437
29.800000000000153 3.40243 3.40218
29.900000000000155 3.40243 3.40218
30.000000000000156 3.40243 3.40218
30.100000000000158 3.40243 3.40218
30.200000000000159 3.69634 3.40218
30.300000000000161 3.69634 3.40218
30.400000000000162 3.69634 3.40218
30.500000000000163 3.96688 3.69611
30.600000000000165 4.21897 3.69611
30.700000000000166 4.45599 3.69611
30.800000000000168 4.45599 3.96667
30.900000000000169 4.45599 4.4558
31.000000000000171 4.68041 4.4558
31.100000000000172 5.09839 4.4558
31.200000000000173 5.29453 4.4558
31.300000000000175 5.29453 4.68023
31.400000000000176 5.29453 4.89389
31.500000000000178 5.29453 5.09823
31.600000000000179 5.48341 5.29438
31.70000000000018 5.66578 5.29438
31.800000000000182 5.84227 5.29438
31.900000000000183 6.17973 5.29438
32.000000000000185 6.17973 5.29438
32.100000000000186 6.17973 5.66563
32.200000000000188 6.17973 5.84213
32.300000000000189 6.17973 6.0133
32.40000000000019 6.34155 6.1796
32.500000000000192 6.49924 6.1796
32.600000000000193 6.65311 6.1796
32.700000000000195 6.80341 6.1796
32.800000000000196 6.80341 6.1796
32.900000000000198 6.80341 6.49912
33.000000000000199 6.80341 6.65298
33.1000000000002 6.80341 6.80329
33.200000000000202 6.80341 6.80329
33.300000000000203 3.40171 6.80329
33.400000000000205 3.40171 6.80329
33.500000000000206 3.40171 6.80329
33.600000000000207 3.40171 6.80329
33.700000000000209 3.40171 3.40165
33.80000000000021 3.40171 3.40165
33.900000000000212 3.40171 3.40165
34.000000000000213 3.40171 3.40165
34.100000000000215 3.69568 3.40165
34.200000000000216 3.96626 3.40165
34.300000000000217 3.96626 3.40165
34.400000000000219 3.96626 3.69562
34.50000000000022 4.21839 3.96621
34.600000000000222 4.45545 3.96621
34.700000000000223 4.67989 3.96621
34.800000000000225 4.67989 4.21834
34.900000000000226 4.67989 4.67985
35.000000000000227 4.89357 4.67985
35.100000000000229 5.29408 4.67985
35.20000000000023 5.48297 4.67985
35.300000000000232 5.48297 4.89353
35.400000000000233 5.48297 5.09788
35.500000000000234 5.48297 5.29404
35.600000000000236 5.66535 5.48293
35.700000000000237 5.84186 5.48293
35.800000000000239 6.01304 5.48293
35.90000000000024 6.34118 5.48293
36.000000000000242 6.34118 5.48293
36.100000000000243 6.34118 5.84183
36.200000000000244 6.34118 6.01301
36.300000000000246 6.34118 6.17932
36.400000000000247 6.49888 6.34115
36.500000000000249 6.65275 6.34115
36.60000000000025 6.80306 6.34115
36.700000000000252 6.80306 6.34115
36.800000000000253 6.80306 6.34115
36.900000000000254 6.80306 6.65272
37.000000000000256 6.80306 6.80303
37.100000000000257 6.80306 6.80303
37.200000000000259 3.40153 6.80303
37.30000000000026 3.40153 6.80303
37.400000000000261 3.40153 6.80303
37.500000000000263 3.40153 6.80303
37.600000000000264 3.40153 6.80303
37.700000000000266 3.40153 3.40152
37.800000000000267 3.40153 3.40152
37.900000000000269 3.40153 3.40152
38.00000000000027 3.69552 3.40152
38.100000000000271 3.96611 3.40152
38.200000000000273 4.21825 3.40152
38.300000000000274 4.21825 3.6955
38.400000000000276 4.21825 3.9661
38.500000000000277 4.45532 4.21824
38.600000000000279 4.67977 4.21824
38.70000000000028 5.09781 4.21824
38.800000000000281 5.09781 4.21824
38.900000000000283 5.09781 4.67976
39.000000000000284 5.09781 4.89344
39.100000000000286 5.29397 5.0978
39.200000000000287 5.48286 5.0978
39.300000000000288 5.66525 5.0978
39.40000000000029 5.84177 5.0978
39.500000000000291 6.01295 5.0978
39.600000000000293 6.01295 5.29396
39.700000000000294 6.01295 5.66524
39.800000000000296 6.01295 5.84176
39.900000000000297 6.17925 6.01294
40.000000000000298 6.34109 6.01294
40.1000000000003 6.49879 6.01294
40.200000000000301 6.65266 6.01294
40.300000000000303 6.80298 6.01294
40.400000000000304 6.80298 6.17925
40.500000000000306 6.80298 6.49878
40.600000000000307 6.80298 6.65266
40.700000000000308 6.80298 6.80297
40.80000000000031 6.80298 6.80297
40.900000000000311 3.40149 6.80297
41.000000000000313 3.40149 6.80297
41.100000000000314 3.40149 6.80297
41.200000000000315 3.40149 6.80297
41.300000000000317 3.40149 3.40149
41.400000000000318 3.40149 3.40149
41.50000000000032 3.40149 3.40149
41.600000000000321 3.40149 3.40149
41.700000000000323 3.69548 3.40149
41.800000000000324 3.69548 3.40149
41.900000000000325 3.69548 3.40149
42.000000000000327 3.96608 3.69547
42.100000000000328 4.21822 3.69547
42.20000000000033 4.45528 3.69547
42.300000000000331 4.45528 3.96608
42.400000000000333 4.45528 4.21821
42.500000000000334 4.67974 4.45528
42.600000000000335 4.89342 4.45528
42.700000000000337 5.29394 4.45528
42.800000000000338 5.29394 4.45528
42.90000000000034 5.29394 4.89342
43.000000000000341 5.29394 5.09778
43.100000000000342 5.48284 5.29394
43.200000000000344 5.66523 5.29394
43.300000000000345 5.84174 5.29394
43.400000000000347 6.01292 5.29394
43.500000000000348 6.17923 5.29394
43.60000000000035 6.17923 5.48284
43.700000000000351 6.17923 5.84174
43.800000000000352 6.17923 6.01292
43.900000000000354 6.34106 6.17923
44.000000000000355 6.49877 6.17923
44.100000000000357 6.65264 6.17923
44.200000000000358 6.80296 6.17923
44.30000000000036 6.80296 6.17923
44.400000000000361 6.80296 6.34106
44.500000000000362 6.80296 6.65264
44.600000000000364 6.80296 6.80296
44.700000000000365 6.80296 6.80296
44.800000000000367 3.40148 6.80296
44.900000000000368 3.40148 6.80296
45.000000000000369 3.40148 6.80296
45.100000000000371 3.40148 6.80296
45.200000000000372 3.40148 6.80296
45.300000000000374 3.40148 3.40148
45.400000000000375 3.40148 3.40148
45.500000000000377 3.40148 3.40148
45.600000000000378 3.69547 3.40148
45.700000000000379 3.96607 3.40148
45.800000000000381 3.96607 3.40148
45.900000000000382 3.96607 3.69547
46.000000000000384 4.21821 3.96607
46.100000000000385 4.45528 3.96607
46.200000000000387 4.67973 3.96607
46.300000000000388 4.67973 4.21821
46.400000000000389 4.67973 4.45528
46.500000000000391 4.89342 4.67973
46.600000000000392 5.09777 4.67973
46.700000000000394 5.48283 4.67973
46.800000000000395 5.48283 4.67973
46.900000000000396 5.48283 5.09777
47.000000000000398 5.48283 5.29394
47.100000000000399 5.66522 5.48283
47.200000000000401 5.84174 5.48283
47.300000000000402 6.01292 5.48283
47.400000000000404 6.17923 5.48283
47.500000000000405 6.34106 5.48283
47.600000000000406 6.34106 5.66522
47.700000000000408 6.34106 6.01292
47.800000000000409 6.34106 6.17923
47.900000000000411 6.49876 6.34106
48.000000000000412 6.65264 6.34106
48.100000000000414 6.80295 6.34106
48.200000000000415 6.80295 6.34106
48.300000000000416 6.80295 6.34106
48.400000000000418 6.80295 6.49876
48.500000000000419 6.80295 6.80295
48.600000000000421 6.80295 6.80295
48.700000000000422 3.40148 6.80295
48.800000000000423 3.40148 6.80295
48.900000000000425 3.40148 6.80295
49.000000000000426 3.40148 6.80295
49.100000000000428 3.40148 6.80295
49.200000000000429 3.40148 3.40148
49.300000000000431 3.40148 3.40148
49.400000000000432 3.40148 3.40148
49.500000000000433 3.69547 3.40148
49.600000000000435 3.96607 3.40148
49.700000000000436 4.21821 3.40148
49.800000000000438 4.21821 3.69547
49.900000000000439 4.21821 3.96607
50.000000000000441 4.45527 4.21821
50.100000000000442 4.67973 4.21821
50.200000000000443 4.89342 4.21821
50.300000000000445 5.09777 4.21821
50.400000000000446 5.09777 4.45527
50.500000000000448 5.09777 4.89342
50.600000000000449 5.09777 5.09777
50.70000000000045 5.48283 5.09777
50.800000000000452 5.66522 5.09777
50.900000000000453 5.84173 5.09777
51.000000000000455 6.01292 5.09777
51.100000000000456 6.01292 5.29394
51.200000000000458 6.01292 5.48283
51.300000000000459 6.01292 5.84173
51.40000000000046 6.01292 6.01292
51.500000000000462 6.34106 6.01292
51.600000000000463 6.49876 6.01292
51.700000000000465 6.65264 6.01292
51.800000000000466 6.80295 6.01292
51.900000000000468 6.80295 6.17923
52.000000000000469 6.80295 6.34106
52.10000000000047 6.80295 6.65264
52.200000000000472 6.80295 6.80295
52.300000000000473 6.80295 6.80295
52.400000000000475 3.40148 6.80295
52.500000000000476 3.40148 6.80295
52.600000000000477 3.40148 6.80295
52.700000000000479 3.40148 6.80295
52.80000000000048 3.40148 6.80295
52.900000000000482 3.40148 3.40148
53.000000000000483 3.40148 3.40148
53.100000000000485 3.40148 3.40148
53.200000000000486 3.69547 3.40148
53.300000000000487 3.69547 3.40148
53.400000000000489 3.69547 3.40148
53.50000000000049 3.96607 3.69547
53.600000000000492 4.21821 3.69547
53.700000000000493 4.45527 3.69547
53.800000000000495 4.45527 3.96607
53.900000000000496 4.45527 4.21821
54.000000000000497 4.67973 4.45527
54.100000000000499 4.89342 4.45527
54.2000000000005 5.09777 4.45527
54.300000000000502 5.29394 4.45527
54.400000000000503 5.29394 4.67973
54.500000000000504 5.29394 5.09777
54.600000000000506 5.29394 5.29394
54.700000000000507 5.66522 5.29394
54.800000000000509 5.84173 5.29394
54.90000000000051 6.01292 5.29394
55.000000000000512 6.17922 5.29394
55.100000000000513 6.17922 5.48283
55.200000000000514 6.17922 5.66522
55.300000000000516 6.17922 6.01292
55.400000000000517 6.17922 6.17922
55.500000000000519 6.49876 6.17922
55.60000000000052 6.65264 6.17922
55.700000000000522 6.80295 6.17922
55.800000000000523 6.80295 6.17922
55.900000000000524 6.80295 6.34106
56.000000000000526 6.80295 6.49876
56.100000000000527 6.80295 6.80295
56.200000000000529 6.80295 6.80295
56.30000000000053 3.40148 6.80295
56.400000000000531 3.40148 6.80295
56.500000000000533 3.40148 6.80295
56.600000000000534 3.40148 6.80295
56.700000000000536 3.40148 6.80295
56.800000000000537 3.40148 3.40148
56.900000000000539 3.40148 3.40148
57.00000000000054 3.40148 3.40148
57.100000000000541 3.69547 3.40148
57.200000000000543 3.96607 3.40148
57.300000000000544 3.96607 3.40148
57.400000000000546 3.96607 3.69547
57.500000000000547 4.21821 3.96607
57.600000000000549 4.45527 3.96607
57.70000000000055 4.67973 3.96607
57.800000000000551 4.67973 4.21821
57.900000000000553 4.67973 4.45527
58.000000000000554 4.89341 4.67973
58.100000000000556 5.09777 4.67973
58.200000000000557 5.29394 4.67973
58.300000000000558 5.48283 4.67973
58.40000000000056 5.48283 4.89341
58.500000000000561 5.48283 5.29394
58.600000000000563 5.48283 5.48283
58.700000000000564 5.84173 5.48283
58.800000000000566 6.01292 5.48283
58.900000000000567 6.17922 5.48283
59.000000000000568 6.34106 5.48283
59.10000000000057 6.34106 5.66522
59.200000000000571 6.34106 5.84173
59.300000000000573 6.34106 6.17922
59.400000000000574 6.34106 6.34106
59.500000000000576 6.65264 6.34106
59.600000000000577 6.80295 6.34106
59.700000000000578 6.80295 6.34106
59.80000000000058 6.80295 6.34106
59.900000000000581 6.80295 6.49876
60.000000000000583 6.80295 6.65264
60.100000000000584 6.80295 6.80295
60.200000000000585 6.80295 6.80295
60.300000000000587 3.40148 6.80295
60.400000000000588 3.40148 6.80295
60.50000000000059 3.40148 6.80295
60.600000000000591 3.40148 6.80295
60.700000000000593 3.40148 3.40148
60.800000000000594 3.40148 3.40148
60.900000000000595 3.40148 3.40148
61.000000000000597 3.40148 3.40148
61.100000000000598 3.96607 3.40148
61.2000000000006 4.21821 3.40148
61.300000000000601 4.21821 3.69547
61.400000000000603 4.21821 3.96607
61.500000000000604 4.45527 4.21821
61.600000000000605 4.67973 4.21821
61.700000000000607 4.89341 4.21821
61.800000000000608 5.09777 4.21821
61.90000000000061 5.09777 4.45527
62.000000000000611 5.09777 4.67973
62.100000000000612 5.09777 5.09777
62.200000000000614 5.29394 5.09777
62.300000000000615 5.66522 5.09777
62.400000000000617 5.84173 5.09777
62.500000000000618 6.01292 5.09777
62.60000000000062 6.01292 5.29394
62.700000000000621 6.01292 5.48283
62.800000000000622 6.01292 5.66522
62.900000000000624 6.01292 6.01292
63.000000000000625 6.17922 6.01292
63.100000000000627 6.49876 6.01292
63.200000000000628 6.65264 6.01292
63.30000000000063 6.80295 6.01292
63.400000000000631 6.80295 6.17922
63.500000000000632 6.80295 6.34106
63.600000000000634 6.80295 6.49876
63.700000000000635 6.80295 6.80295
63.800000000000637 6.80295 6.80295
63.900000000000638 3.40148 6.80295
64.000000000000639 3.40148 6.80295
64.100000000000634 3.40148 6.80295
64.200000000000628 3.40148 6.80295
64.300000000000622 3.40148 6.80295
64.400000000000617 3.40148 3.40148
64.500000000000611 3.40148 3.40148
64.600000000000605 3.40148 3.40148
64.7000000000006 3.69547 3.40148
64.800000000000594 3.69547 3.40148
64.900000000000588 3.69547 3.40148
65.000000000000583 3.69547 3.69547
65.100000000000577 4.21821 3.69547
65.200000000000571 4.45527 3.69547
65.300000000000566 4.45527 3.96607
65.40000000000056 4.45527 4.21821
65.500000000000554 4.67973 4.45527
65.600000000000549 4.89341 4.45527
65.700000000000543 5.09777 4.45527
65.800000000000537 5.29394 4.45527
65.900000000000531 5.29394 4.67973
66.000000000000526 5.29394 4.89341
66.10000000000052 5.29394 5.29394
66.200000000000514 5.48283 5.29394
66.300000000000509 5.84173 5.29394
66.400000000000503 6.01292 5.29394
66.500000000000497 6.17922 5.29394
66.600000000000492 6.17922 5.48283
66.700000000000486 6.17922 5.66522
66.80000000000048 6.17922 5.84173
66.900000000000475 6.17922 6.17922
67.000000000000469 6.34106 6.17922
67.100000000000463 6.65264 6.17922
67.200000000000458 6.80295 6.17922
67.300000000000452 6.80295 6.17922
67.400000000000446 6.80295 6.34106
67.500000000000441 6.80295 6.49876
67.600000000000435 6.80295 6.65264
67.700000000000429 6.80295 6.80295
67.800000000000423 6.80295 6.80295
67.900000000000418 3.40148 6.80295
68.000000000000412 3.40148 6.80295
68.100000000000406 3.40148 6.80295
68.200000000000401 3.40148 6.80295
68.300000000000395 3.40148 3.40148
68.400000000000389 3.40148 3.40148
68.500000000000384 3.40148 3.40148
68.600000000000378 3.40148 3.40148
68.700000000000372 3.96607 3.40148
68.800000000000367 3.96607 3.40148
68.900000000000361 3.96607 3.69547
69.000000000000355 3.96607 3.96607
69.10000000000035 4.45527 3.96607
69.200000000000344 4.67973 3.96607
69.300000000000338 4.67973 4.21821
69.400000000000333 4.67973 4.45527
69.500000000000327 4.89341 4.67973
69.600000000000321 5.09777 4.67973
69.700000000000315 5.29394 4.67973
69.80000000000031 5.48283 4.67973
69.900000000000304 5.48283 4.89341
70.000000000000298 5.48283 5.09777
70.100000000000293 5.48283 5.48283
70.200000000000287 5.66522 5.48283
70.300000000000281 6.01292 5.48283
70.400000000000276 6.17922 5.48283
70.50000000000027 6.34106 5.48283
70.600000000000264 6.34106 5.66522
70.700000000000259 6.34106 5.84173
70.800000000000253 6.34106 6.01292
70.900000000000247 6.34106 6.34106
71.000000000000242 6.49876 6.34106
71.100000000000236 6.80295 6.34106
71.20000000000023 6.80295 6.34106
71.300000000000225 6.80295 6.34106
71.400000000000219 6.80295 6.49876
71.500000000000213 6.80295 6.65264
71.600000000000207 6.80295 6.80295
71.700000000000202 6.80295 6.80295
71.800000000000196 3.40148 6.80295
71.90000000000019 3.40148 6.80295
72.000000000000185 3.40148 6.80295
72.100000000000179 3.40148 6.80295
72.200000000000173 3.40148 3.40148
72.300000000000168 3.40148 3.40148
72.400000000000162 3.40148 3.40148
72.500000000000156 3.40148 3.40148
72.600000000000151 3.69547 3.40148
72.700000000000145 4.21821 3.40148
72.800000000000139 4.21821 3.40148
72.900000000000134 4.21821 3.96607
73.000000000000128 4.21821 4.21821
73.100000000000122 4.67973 4.21821
73.200000000000117 4.89341 4.21821
73.300000000000111 5.09777 4.21821
73.400000000000105 5.09777 4.45527
73.500000000000099 5.09777 4.67973
73.600000000000094 5.09777 4.89341
73.700000000000088 5.29394 5.09777
73.800000000000082 5.48283 5.09777
73.900000000000077 5.84173 5.09777
74.000000000000071 6.01292 5.09777
74.100000000000065 6.01292 5.29394
74.20000000000006 6.01292 5.48283
74.300000000000054 6.01292 5.66522
74.400000000000048 6.01292 5.84173
74.500000000000043 6.17922 6.01292
74.600000000000037 6.34106 6.01292
74.700000000000031 6.65264 6.01292
74.800000000000026 6.80295 6.01292
74.90000000000002 6.80295 6.17922
75.000000000000014 6.80295 6.34106
75.100000000000009 6.80295 6.49876
75.200000000000003 6.80295 6.65264
75.299999999999997 6.80295 6.80295
75.399999999999991 6.80295 6.80295
75.499999999999986 3.40148 6.80295
75.59999999999998 3.40148 6.80295
75.699999999999974 3.40148 6.80295
75.799999999999969 3.40148 6.80295
75.899999999999963 3.40148 3.40148
75.999999999999957 3.40148 3.40148
76.099999999999952 3.40148 3.40148
76.199999999999946 3.40148 3.40148
76.29999999999994 3.69547 3.40148
76.399999999999935 3.69547 3.40148
76.499999999999929 3.69547 3.69547
76.599999999999923 3.96607 3.69547
76.699999999999918 4.45527 3.69547
76.799999999999912 4.45527 3.69547
76.899999999999906 4.45527 4.21821
76.999999999999901 4.45527 4.45527
77.099999999999895 4.89341 4.45527
77.199999999999889 5.09777 4.45527
77.299999999999883 5.29394 4.45527
77.399999999999878 5.29394 4.67973
77.499999999999872 5.29394 4.89341
77.599999999999866 5.29394 5.09777
77.699999999999861 5.48283 5.29394
77.799999999999855 5.66522 5.29394
77.899999999999849 6.01292 5.29394
77.999999999999844 6.17922 5.29394
78.099999999999838 6.17922 5.48283
78.199999999999832 6.17922 5.66522
78.299999999999827 6.17922 5.84173
78.399999999999821 6.17922 6.01292
78.499999999999815 6.34106 6.17922
78.59999999999981 6.49876 6.17922
78.699999999999804 6.80295 6.17922
78.799999999999798 6.80295 6.17922
78.899999999999793 6.80295 6.34106
78.999999999999787 6.80295 6.49876
79.099999999999781 6.80295 6.65264
79.199999999999775 6.80295 6.80295
79.29999999999977 6.80295 6.80295
79.399999999999764 3.40148 6.80295
79.499999999999758 3.40148 6.80295
79.599999999999753 3.40148 6.80295
79.699999999999747 3.40148 6.80295
79.799999999999741 3.40148 3.40148
79.899999999999736 3.40148 3.40148
79.99999999999973 3.40148 3.40148
80.099999999999724 3.40148 3.40148
80.199999999999719 3.69547 3.40148
80.299999999999713 3.96607 3.40148
80.399999999999707 3.96607 3.40148
80.499999999999702 3.96607 3.96607
80.599999999999696 4.21821 3.96607
80.69999999999969 4.67973 3.96607
80.799999999999685 4.67973 3.96607
80.899999999999679 4.67973 4.45527
80.999999999999673 4.67973 4.67973
81.099999999999667 5.09777 4.67973
81.199999999999662 5.29394 4.67973
81.299999999999656 5.48283 4.67973
81.39999999999965 5.48283 4.89341
81.499999999999645 5.48283 5.09777
81.599999999999639 5.48283 5.29394
81.699999999999633 5.66522 5.48283
81.799999999999628 5.84173 5.48283
81.899999999999622 6.17922 5.48283
81.999999999999616 6.34106 5.48283
82.099999999999611 6.34106 5.66522
82.199999999999605 6.34106 5.84173
82.299999999999599 6.34106 6.01292
82.399999999999594 6.34106 6.17922
82.499999999999588 6.49876 6.34106
82.599999999999582 6.65264 6.34106
82.699999999999577 6.80295 6.34106
82.799999999999571 6.80295 6.34106
82.899999999999565 6.80295 6.49876
82.999999999999559 6.80295 6.65264
83.099999999999554 6.80295 6.80295
83.199999999999548 6.80295 6.80295
83.299999999999542 3.40148 6.80295
83.399999999999537 3.40148 6.80295
83.499999999999531 3.40148 6.80295
83.599999999999525 3.40148 6.80295
83.69999999999952 3.40148 3.40148
83.799999999999514 3.40148 3.40148
83.899999999999508 3.40148 3.40148
83.999999999999503 3.40148 3.40148
84.099999999999497 3.69547 3.40148
84.199999999999491 3.96607 3.40148
84.299999999999486 4.21821 3.40148
84.39999999999948 4.21821 3.69547
84.499999999999474 4.21821 4.21821
84.599999999999469 4.45527 4.21821
84.699999999999463 4.89341 4.21821
84.799999999999457 5.09777 4.21821
84.899999999999451 5.09777 4.45527
84.999999999999446 5.09777 4.67973
85.09999999999944 5.09777 4.89341
85.199999999999434 5.29394 5.09777
85.299999999999429 5.48283 5.09777
85.399999999999423 5.66522 5.09777
85.499999999999417 6.01292 5.09777
85.599999999999412 6.01292 5.09777
85.699999999999406 6.01292 5.48283
85.7999999999994 6.01292 5.66522
85.899999999999395 6.01292 5.84173
85.999999999999389 6.17922 6.01292
86.099999999999383 6.34106 6.01292
86.199999999999378 6.49876 6.01292
86.299999999999372 6.80295 6.01292
86.399999999999366 6.80295 6.01292
86.499999999999361 6.80295 6.34106
86.599999999999355 6.80295 6.49876
86.699999999999349 6.80295 6.65264
86.799999999999343 6.80295 6.80295
86.899999999999338 6.80295 6.80295
86.999999999999332 3.40148 6.80295
87.099999999999326 3.40148 6.80295
87.199999999999321 3.40148 6.80295
87.299999999999315 3.40148 6.80295
87.399999999999309 3.40148 3.40148
87.499999999999304 3.40148 3.40148
87.599999999999298 3.40148 3.40148
87.699999999999292 3.40148 3.40148
87.799999999999287 3.69547 3.40148
87.899999999999281 3.69547 3.40148
87.999999999999275 3.69547 3.40148
88.09999999999927 3.96607 3.69547
88.199999999999264 4.21821 3.69547
88.299999999999258 4.45527 3.69547
88.399999999999253 4.45527 3.96607
88.499999999999247 4.45527 4.45527
88.599999999999241 4.67973 4.45527
88.699999999999235 5.09777 4.45527
88.79999999999923 5.29394 4.45527
88.899999999999224 5.29394 4.67973
88.999999999999218 5.29394 4.89341
89.099999999999213 5.29394 5.09777
89.199999999999207 5.48283 5.29394
89.299999999999201 5.66522 5.29394
89.399999999999196 5.84173 5.29394
89.49999999999919 6.17922 5.29394
89.599999999999184 6.17922 5.29394
89.699999999999179 6.17922 5.66522
89.799999999999173 6.17922 5.84173
89.899999999999167 6.17922 6.01292
89.999999999999162 6.34106 6.17922
90.099999999999156 6.49876 6.17922
90.19999999999915 6.65264 6.17922
90.299999999999145 6.80295 6.17922
90.399999999999139 6.80295 6.17922
90.499999999999133 6.80295 6.49876
90.599999999999127 6.80295 6.65264
90.699999999999122 6.80295 6.80295
90.799999999999116 6.80295 6.80295
90.89999999999911 3.40148 6.80295
90.999999999999105 3.40148 6.80295
91.099999999999099 3.40148 6.80295
91.199999999999093 3.40148 6.80295
91.299999999999088 3.40148 3.40148
91.399999999999082 3.40148 3.40148
91.499999999999076 3.40148 3.40148
91.599999999999071 3.40148 3.40148
91.699999999999065 3.69547 3.40148
91.799999999999059 3.96607 3.40148
91.899999999999054 3.96607 3.40148
91.999999999999048 3.96607 3.69547
92.099999999999042 4.21821 3.96607
92.199999999999037 4.45527 3.96607
92.299999999999031 4.67973 3.96607
92.399999999999025 4.67973 4.21821
92.499999999999019 4.67973 4.67973
92.599999999999014 4.89341 4.67973
92.699999999999008 5.29394 4.67973
92.799999999999002 5.48283 4.67973
92.899999999998997 5.48283 4.89341
92.999999999998991 5.48283 5.09777
93.099999999998985 5.48283 5.29394
93.19999999999898 5.66522 5.48283
93.299999999998974 5.84173 5.48283
93.399999999998968 6.01292 5.48283
93.499999999998963 6.34106 5.48283
93.599999999998957 6.34106 5.48283
93.699999999998951 6.34106 5.84173
93.799999999998946 6.34106 6.01292
93.89999999999894 6.34106 6.17922
93.999999999998934 6.49876 6.34106
94.099999999998929 6.65264 6.34106
94.199999999998923 6.80295 6.34106
94.299999999998917 6.80295 6.34106
94.399999999998911 6.80295 6.34106
94.499999999998906 6.80295 6.65264
94.5999999999989 6.80295 6.80295
94.699999999998894 6.80295 6.80295
94.799999999998889 3.40148 6.80295
94.899999999998883 3.40148 6.80295
94.999999999998877 3.40148 6.80295
95.099999999998872 3.40148 6.80295
95.199999999998866 3.40148 6.80295
95.29999999999886 3.40148 3.40148
95.399999999998855 3.40148 3.40148
95.499999999998849 3.40148 3.40148
95.599999999998843 3.69547 3.40148
95.699999999998838 3.96607 3.40148
95.799999999998832 4.21821 3.40148
95.899999999998826 4.21821 3.69547
95.99999999999882 4.21821 3.96607
96.099999999998815 4.45527 4.21821
96.199999999998809 4.67973 4.21821
96.299999999998803 5.09777 4.21821
96.399999999998798 5.09777 4.21821
96.499999999998792 5.09777 4.67973
96.599999999998786 5.09777 4.89341
96.699999999998781 5.29394 5.09777
96.799999999998775 5.48283 5.09777
96.899999999998769 5.66522 5.09777
96.999999999998764 5.84173 5.09777
97.099999999998758 6.01292 5.09777
97.199999999998752 6.01292 5.29394
97.299999999998747 6.01292 5.66522
97.399999999998741 6.01292 5.84173
97.499999999998735 6.17922 6.01292
97.59999999999873 6.34106 6.01292
97.699999999998724 6.49876 6.01292
97.799999999998718 6.65264 6.01292
97.899999999998712 6.80295 6.01292
97.999999999998707 6.80295 6.17922
98.099999999998701 6.80295 6.49876
98.199999999998695 6.80295 6.65264
98.29999999999869 6.80295 6.80295
98.399999999998684 6.80295 6.80295
98.499999999998678 3.40148 6.80295
98.599999999998673 3.40148 6.80295
98.699999999998667 3.40148 6.80295
98.799999999998661 3.40148 6.80295
98.899999999998656 3.40148 3.40148
98.99999999999865 3.40148 3.40148
99.099999999998644 3.40148 3.40148
99.199999999998639 3.40148 3.40148
99.299999999998633 3.69547 3.40148
99.399999999998627 3.69547 3.40148
99.499999999998622 3.69547 3.40148
99.599999999998616 3.96607 3.69547
99.69999999999861 4.21821 3.69547
99.799999999998604 4.45527 3.69547
99.899999999998599 4.45527 3.96607
99.999999999998593 4.45527 4.21821
