0 1 1
1 3.24483 2
2 2.5 2.9
3 4.56988 2
4 6.26135 3.55301
5 7.44171 4.56988
6 1 5.75491
7 3.33333 1
8 5.05378 2.9
9 6.46458 4.33944
10 7.61288 5.19763
11 1 1
12 3.33333 2.5
13 5.05378 4.33944
14 6.61927 5.19763
15 1 6.26135
16 2 1
17 4.63158 3.33333
18 5.97588 4.63158
19 6.91805 5.97588
20 2 6.77034
21 3.33333 8.12537
22 4.16441 1
23 1 2
24 2.9 5.12386
25 4.33944 6.51909
26 5.19763 7.65907
27 5.92867 1
28 2.9 3.33333
29 4.33944 5.05378
30 5.19763 6.46458
31 6.26135 1
32 1 2
33 3.33333 4.63158
34 4.84749 5.97588
35 5.97588 6.91805
36 6.77034 1
37 8.12537 3.33333
38 1 4.16441
39 2 1
40 5.31903 2.9
41 6.51909 4.33944
42 7.78963 5.19763
43 1 5.92867
44 3.33333 2.5
45 5.05378 4.33944
46 6.61927 5.19763
47 1 6.26135
48 2 1
49 4.63158 3.33333
50 5.97588 4.63158
51 6.91805 5.97588
52 2 6.77034
53 3.33333 8.12537
54 4.16441 1
55 1 2
56 2.9 5.12386
57 4.33944 6.51909
58 5.19763 7.65907
59 5.92867 1
60 2.9 3.33333
61 4.33944 5.05378
62 5.19763 6.46458
63 6.26135 1
64 1 2
65 3.33333 4.63158
66 4.84749 5.97588
67 5.97588 6.91805
68 6.77034 1
69 8.12537 3.33333
70 1 4.16441
71 2 1
72 5.31903 2.9
73 6.51909 4.33944
74 7.78963 5.19763
75 1 5.92867
76 3.33333 2.5
77 5.05378 4.33944
78 6.61927 5.19763
79 1 6.26135
80 2 1
81 4.63158 3.33333
82 5.97588 4.63158
83 6.91805 5.97588
84 2 6.77034
85 3.33333 8.12537
86 4.16441 1
87 1 2
88 2.9 5.12386
89 4.33944 6.51909
90 5.19763 7.65907
91 5.92867 1
92 2.9 3.33333
93 4.33944 5.05378
94 5.19763 6.46458
95 6.26135 1
96 1 2
97 3.33333 4.63158
98 4.84749 5.97588
99 5.97588 6.91805
100 6.77034 1
101 8.12537 3.33333
102 1 4.16441
103 2 1
104 5.31903 2.9
105 6.51909 4.33944
106 7.78963 5.19763
107 1 5.92867
108 3.33333 2.5
109 5.05378 4.33944
110 6.61927 5.19763
111 1 6.26135
112 2 1
113 4.63158 3.33333
114 5.97588 4.63158
115 6.91805 5.97588
116 2 6.77034
117 3.33333 8.12537
118 4.16441 1
119 1 2
120 2.9 5.12386
121 4.33944 6.51909
122 5.19763 7.65907
123 5.92867 1
124 2.9 3.33333
125 4.33944 5.05378
126 5.19763 6.46458
127 6.26135 1
128 1 2
129 3.33333 4.63158
130 4.84749 5.97588
131 5.97588 6.91805
132 6.77034 1
133 8.12537 3.33333
134 1 4.16441
135 2 1
136 5.31903 2.9
137 6.51909 4.33944
138 7.78963 5.19763
139 1 5.92867
140 3.33333 2.5
141 5.05378 4.33944
142 6.61927 5.19763
143 1 6.26135
144 2 1
145 4.63158 3.33333
146 5.97588 4.63158
147 6.91805 5.97588
148 2 6.77034
149 3.33333 8.12537
150 4.16441 1
151 1 2
152 2.9 5.12386
153 4.33944 6.51909
154 5.19763 7.65907
155 5.92867 1
156 2.9 3.33333
157 4.33944 5.05378
158 5.19763 6.46458
159 6.26135 1
160 1 2
161 3.33333 4.63158
162 4.84749 5.97588
163 5.97588 6.91805
164 6.77034 1
165 8.12537 3.33333
166 1 4.16441
167 2 1
168 5.31903 2.9
169 6.51909 4.33944
170 7.78963 5.19763
171 1 5.92867
172 3.33333 2.5
173 5.05378 4.33944
174 6.61927 5.19763
175 1 6.26135
176 2 1
177 4.63158 3.33333
178 5.97588 4.63158
179 6.91805 5.97588
180 2 6.77034
181 3.33333 8.12537
182 4.16441 1
183 1 2
184 2.9 5.12386
185 4.33944 6.51909
186 5.19763 7.65907
187 5.92867 1
188 2.9 3.33333
189 4.33944 5.05378
190 5.19763 6.46458
191 6.26135 1
192 1 2
193 3.33333 4.63158
194 4.84749 5.97588
195 5.97588 6.91805
196 6.77034 1
197 8.12537 3.33333
198 1 4.16441
199 2 1
200 5.31903 2.9
201 6.51909 4.33944
202 7.78963 5.19763
203 1 5.92867
204 3.33333 2.5
205 5.05378 4.33944
206 6.61927 5.19763
207 1 6.26135
208 2 1
209 4.63158 3.33333
210 5.97588 4.63158
211 6.91805 5.97588
212 2 6.77034
213 3.33333 8.12537
214 4.16441 1
215 1 2
216 2.9 5.12386
217 4.33944 6.51909
218 5.19763 7.65907
219 5.92867 1
220 2.9 3.33333
221 4.33944 5.05378
222 5.19763 6.46458
223 6.26135 1
224 1 2
225 3.33333 4.63158
226 4.84749 5.97588
227 5.97588 6.91805
228 6.77034 1
229 8.12537 3.33333
230 1 4.16441
231 2 1
232 5.31903 2.9
233 6.51909 4.33944
234 7.78963 5.19763
235 1 5.92867
236 3.33333 2.5
237 5.05378 4.33944
238 6.61927 5.19763
239 1 6.26135
240 2 1
241 4.63158 3.33333
242 5.97588 4.63158
243 6.91805 5.97588
244 2 6.77034
245 3.33333 8.12537
246 4.16441 1
247 1 2
248 2.9 5.12386
249 4.33944 6.51909
250 5.19763 7.65907
251 5.92867 1
252 2.9 3.33333
253 4.33944 5.05378
254 5.19763 6.46458
255 6.26135 1
256 1 2
257 3.33333 4.63158
258 4.84749 5.97588
259 5.97588 6.91805
260 6.77034 1
261 8.12537 3.33333
262 1 4.16441
263 2 1
264 5.31903 2.9
265 6.51909 4.33944
266 7.78963 5.19763
267 1 5.92867
268 3.33333 2.5
269 5.05378 4.33944
270 6.61927 5.19763
271 1 6.26135
272 2 1
273 4.63158 3.33333
274 5.97588 4.63158
275 6.91805 5.97588
276 2 6.77034
277 3.33333 8.12537
278 4.16441 1
279 1 2
280 2.9 5.12386
281 4.33944 6.51909
282 5.19763 7.65907
283 5.92867 1
284 2.9 3.33333
285 4.33944 5.05378
286 5.19763 6.46458
287 6.26135 1
288 1 2
289 3.33333 4.63158
290 4.84749 5.97588
291 5.97588 6.91805
292 6.77034 1
293 8.12537 3.33333
294 1 4.16441
295 2 1
296 5.31903 2.9
297 6.51909 4.33944
298 7.78963 5.19763
299 1 5.92867
300 3.33333 2.5
301 5.05378 4.33944
302 6.61927 5.19763
303 1 6.26135
304 2 1
305 4.63158 3.33333
306 5.97588 4.63158
307 6.91805 5.97588
308 2 6.77034
309 3.33333 8.12537
310 4.16441 1
311 1 2
312 2.9 5.12386
313 4.33944 6.51909
314 5.19763 7.65907
315 5.92867 1
316 2.9 3.33333
317 4.33944 5.05378
318 5.19763 6.46458
319 6.26135 1
320 1 2
321 3.33333 4.63158
322 4.84749 5.97588
323 5.97588 6.91805
324 6.77034 1
325 8.12537 3.33333
326 1 4.16441
327 2 1
328 5.31903 2.9
329 6.51909 4.33944
330 7.78963 5.19763
331 1 5.92867
332 3.33333 2.5
333 5.05378 4.33944
334 6.61927 5.19763
335 1 6.26135
336 2 1
337 4.63158 3.33333
338 5.97588 4.63158
339 6.91805 5.97588
340 2 6.77034
341 3.33333 8.12537
342 4.16441 1
343 1 2
344 2.9 5.12386
345 4.33944 6.51909
346 5.19763 7.65907
347 5.92867 1
348 2.9 3.33333
349 4.33944 5.05378
350 5.19763 6.46458
351 6.26135 1
352 1 2
353 3.33333 4.63158
354 4.84749 5.97588
355 5.97588 6.91805
356 6.77034 1
357 8.12537 3.33333
358 1 4.16441
359 2 1
360 5.31903 2.9
361 6.51909 4.33944
362 7.78963 5.19763
363 1 5.92867
364 3.33333 2.5
365 5.05378 4.33944
366 6.61927 5.19763
367 1 6.26135
368 2 1
369 4.63158 3.33333
370 5.97588 4.63158
371 6.91805 5.97588
372 2 6.77034
373 3.33333 8.12537
374 4.16441 1
375 1 2
376 2.9 5.12386
377 4.33944 6.51909
378 5.19763 7.65907
379 5.92867 1
380 2.9 3.33333
381 4.33944 5.05378
382 5.19763 6.46458
383 6.26135 1
384 1 2
385 3.33333 4.63158
386 4.84749 5.97588
387 5.97588 6.91805
388 6.77034 1
389 8.12537 3.33333
390 1 4.16441
391 2 1
392 5.31903 2.9
393 6.51909 4.33944
394 7.78963 5.19763
395 1 5.92867
396 3.33333 2.5
397 5.05378 4.33944
398 6.61927 5.19763
399 1 6.26135
400 2 1
401 4.63158 3.33333
402 5.97588 4.63158
403 6.91805 5.97588
404 2 6.77034
405 3.33333 8.12537
406 4.16441 1
407 1 2
408 2.9 5.12386
409 4.33944 6.51909
410 5.19763 7.65907
411 5.92867 1
412 2.9 3.33333
413 4.33944 5.05378
414 5.19763 6.46458
415 6.26135 1
416 1 2
417 3.33333 4.63158
418 4.84749 5.97588
419 5.97588 6.91805
420 6.77034 1
421 8.12537 3.33333
422 1 4.16441
423 2 1
424 5.31903 2.9
425 6.51909 4.33944
426 7.78963 5.19763
427 1 5.92867
428 3.33333 2.5
429 5.05378 4.33944
430 6.61927 5.19763
431 1 6.26135
432 2 1
433 4.63158 3.33333
434 5.97588 4.63158
435 6.91805 5.97588
436 2 6.77034
437 3.33333 8.12537
438 4.16441 1
439 1 2
440 2.9 5.12386
441 4.33944 6.51909
442 5.19763 7.65907
443 5.92867 1
444 2.9 3.33333
445 4.33944 5.05378
446 5.19763 6.46458
447 6.26135 1
448 1 2
449 3.33333 4.63158
450 4.84749 5.97588
451 5.97588 6.91805
452 6.77034 1
453 8.12537 3.33333
454 1 4.16441
455 2 1
456 5.31903 2.9
457 6.51909 4.33944
458 7.78963 5.19763
459 1 5.92867
460 3.33333 2.5
461 5.05378 4.33944
462 6.61927 5.19763
463 1 6.26135
464 2 1
465 4.63158 3.33333
466 5.97588 4.63158
467 6.91805 5.97588
468 2 6.77034
469 3.33333 8.12537
470 4.16441 1
471 1 2
472 2.9 5.12386
473 4.33944 6.51909
474 5.19763 7.65907
475 5.92867 1
476 2.9 3.33333
477 4.33944 5.05378
478 5.19763 6.46458
479 6.26135 1
480 1 2
481 3.33333 4.63158
482 4.84749 5.97588
483 5.97588 6.91805
484 6.77034 1
485 8.12537 3.33333
486 1 4.16441
487 2 1
488 5.31903 2.9
489 6.51909 4.33944
490 7.78963 5.19763
491 1 5.92867
492 3.33333 2.5
493 5.05378 4.33944
494 6.61927 5.19763
495 1 6.26135
496 2 1
497 4.63158 3.33333
498 5.97588 4.63158
499 6.91805 5.97588
500 2 6.77034
501 3.33333 8.12537
502 4.16441 1
503 1 2
504 2.9 5.12386
505 4.33944 6.51909
506 5.19763 7.65907
507 5.92867 1
508 2.9 3.33333
509 4.33944 5.05378
510 5.19763 6.46458
511 6.26135 1
512 1 2
513 3.33333 4.63158
514 4.84749 5.97588
515 5.97588 6.91805
516 6.77034 1
517 8.12537 3.33333
518 1 4.16441
519 2 1
520 5.31903 2.9
521 6.51909 4.33944
522 7.78963 5.19763
523 1 5.92867
524 3.33333 2.5
525 5.05378 4.33944
526 6.61927 5.19763
527 1 6.26135
528 2 1
529 4.63158 3.33333
530 5.97588 4.63158
531 6.91805 5.97588
532 2 6.77034
533 3.33333 8.12537
534 4.16441 1
535 1 2
536 2.9 5.12386
537 4.33944 6.51909
538 5.19763 7.65907
539 5.92867 1
540 2.9 3.33333
541 4.33944 5.05378
542 5.19763 6.46458
543 6.26135 1
544 1 2
545 3.33333 4.63158
546 4.84749 5.97588
547 5.97588 6.91805
548 6.77034 1
549 8.12537 3.33333
550 1 4.16441
551 2 1
552 5.31903 2.9
553 6.51909 4.33944
554 7.78963 5.19763
555 1 5.92867
556 3.33333 2.5
557 5.05378 4.33944
558 6.61927 5.19763
559 1 6.26135
560 2 1
561 4.63158 3.33333
562 5.97588 4.63158
563 6.91805 5.97588
564 2 6.77034
565 3.33333 8.12537
566 4.16441 1
567 1 2
568 2.9 5.12386
569 4.33944 6.51909
570 5.19763 7.65907
571 5.92867 1
572 2.9 3.33333
573 4.33944 5.05378
574 5.19763 6.46458
575 6.26135 1
576 1 2
577 3.33333 4.63158
578 4.84749 5.97588
579 5.97588 6.91805
580 6.77034 1
581 8.12537 3.33333
582 1 4.16441
583 2 1
584 5.31903 2.9
585 6.51909 4.33944
586 7.78963 5.19763
587 1 5.92867
588 3.33333 2.5
589 5.05378 4.33944
590 6.61927 5.19763
591 1 6.26135
592 2 1
593 4.63158 3.33333
594 5.97588 4.63158
595 6.91805 5.97588
596 2 6.77034
597 3.33333 8.12537
598 4.16441 1
599 1 2
600 2.9 5.12386
601 4.33944 6.51909
602 5.19763 7.65907
603 5.92867 1
604 2.9 3.33333
605 4.33944 5.05378
606 5.19763 6.46458
607 6.26135 1
608 1 2
609 3.33333 4.63158
610 4.84749 5.97588
611 5.97588 6.91805
612 6.77034 1
613 8.12537 3.33333
614 1 4.16441
615 2 1
616 5.31903 2.9
617 6.51909 4.33944
618 7.78963 5.19763
619 1 5.92867
620 3.33333 2.5
621 5.05378 4.33944
622 6.61927 5.19763
623 1 6.26135
624 2 1
625 4.63158 3.33333
626 5.97588 4.63158
627 6.91805 5.97588
628 2 6.77034
629 3.33333 8.12537
630 4.16441 1
631 1 2
632 2.9 5.12386
633 4.33944 6.51909
634 5.19763 7.65907
635 5.92867 1
636 2.9 3.33333
637 4.33944 5.05378
638 5.19763 6.46458
639 6.26135 1
640 1 2
641 3.33333 4.63158
642 4.84749 5.97588
643 5.97588 6.91805
644 6.77034 1
645 8.12537 3.33333
646 1 4.16441
647 2 1
648 5.31903 2.9
649 6.51909 4.33944
650 7.78963 5.19763
651 1 5.92867
652 3.33333 2.5
653 5.05378 4.33944
654 6.61927 5.19763
655 1 6.26135
656 2 1
657 4.63158 3.33333
658 5.97588 4.63158
659 6.91805 5.97588
660 2 6.77034
661 3.33333 8.12537
662 4.16441 1
663 1 2
664 2.9 5.12386
665 4.33944 6.51909
666 5.19763 7.65907
667 5.92867 1
668 2.9 3.33333
669 4.33944 5.05378
670 5.19763 6.46458
671 6.26135 1
672 1 2
673 3.33333 4.63158
674 4.84749 5.97588
675 5.97588 6.91805
676 6.77034 1
677 8.12537 3.33333
678 1 4.16441
679 2 1
680 5.31903 2.9
681 6.51909 4.33944
682 7.78963 5.19763
683 1 5.92867
684 3.33333 2.5
685 5.05378 4.33944
686 6.61927 5.19763
687 1 6.26135
688 2 1
689 4.63158 3.33333
690 5.97588 4.63158
691 6.91805 5.97588
692 2 6.77034
693 3.33333 8.12537
694 4.16441 1
695 1 2
696 2.9 5.12386
697 4.33944 6.51909
698 5.19763 7.65907
699 5.92867 1
700 2.9 3.33333
701 4.33944 5.05378
702 5.19763 6.46458
703 6.26135 1
704 1 2
705 3.33333 4.63158
706 4.84749 5.97588
707 5.97588 6.91805
708 6.77034 1
709 8.12537 3.33333
710 1 4.16441
711 2 1
712 5.31903 2.9
713 6.51909 4.33944
714 7.78963 5.19763
715 1 5.92867
716 3.33333 2.5
717 5.05378 4.33944
718 6.61927 5.19763
719 1 6.26135
720 2 1
721 4.63158 3.33333
722 5.97588 4.63158
723 6.91805 5.97588
724 2 6.77034
725 3.33333 8.12537
726 4.16441 1
727 1 2
728 2.9 5.12386
729 4.33944 6.51909
730 5.19763 7.65907
731 5.92867 1
732 2.9 3.33333
733 4.33944 5.05378
734 5.19763 6.46458
735 6.26135 1
736 1 2
737 3.33333 4.63158
738 4.84749 5.97588
739 5.97588 6.91805
740 6.77034 1
741 8.12537 3.33333
742 1 4.16441
743 2 1
744 5.31903 2.9
745 6.51909 4.33944
746 7.78963 5.19763
747 1 5.92867
748 3.33333 2.5
749 5.05378 4.33944
750 6.61927 5.19763
751 1 6.26135
752 2 1
753 4.63158 3.33333
754 5.97588 4.63158
755 6.91805 5.97588
756 2 6.77034
757 3.33333 8.12537
758 4.16441 1
759 1 2
760 2.9 5.12386
761 4.33944 6.51909
762 5.19763 7.65907
763 5.92867 1
764 2.9 3.33333
765 4.33944 5.05378
766 5.19763 6.46458
767 6.26135 1
768 1 2
769 3.33333 4.63158
770 4.84749 5.97588
771 5.97588 6.91805
772 6.77034 1
773 8.12537 3.33333
774 1 4.16441
775 2 1
776 5.31903 2.9
777 6.51909 4.33944
778 7.78963 5.19763
779 1 5.92867
780 3.33333 2.5
781 5.05378 4.33944
782 6.61927 5.19763
783 1 6.26135
784 2 1
785 4.63158 3.33333
786 5.97588 4.63158
787 6.91805 5.97588
788 2 6.77034
789 3.33333 8.12537
790 4.16441 1
791 1 2
792 2.9 5.12386
793 4.33944 6.51909
794 5.19763 7.65907
795 5.92867 1
796 2.9 3.33333
797 4.33944 5.05378
798 5.19763 6.46458
799 6.26135 1
800 1 2
801 3.33333 4.63158
802 4.84749 5.97588
803 5.97588 6.91805
804 6.77034 1
805 8.12537 3.33333
806 1 4.16441
807 2 1
808 5.31903 2.9
809 6.51909 4.33944
810 7.78963 5.19763
811 1 5.92867
812 3.33333 2.5
813 5.05378 4.33944
814 6.61927 5.19763
815 1 6.26135
816 2 1
817 4.63158 3.33333
818 5.97588 4.63158
819 6.91805 5.97588
820 2 6.77034
821 3.33333 8.12537
822 4.16441 1
823 1 2
824 2.9 5.12386
825 4.33944 6.51909
826 5.19763 7.65907
827 5.92867 1
828 2.9 3.33333
829 4.33944 5.05378
830 5.19763 6.46458
831 6.26135 1
832 1 2
833 3.33333 4.63158
834 4.84749 5.97588
835 5.97588 6.91805
836 6.77034 1
837 8.12537 3.33333
838 1 4.16441
839 2 1
840 5.31903 2.9
841 6.51909 4.33944
842 7.78963 5.19763
843 1 5.92867
844 3.33333 2.5
845 5.05378 4.33944
846 6.61927 5.19763
847 1 6.26135
848 2 1
849 4.63158 3.33333
850 5.97588 4.63158
851 6.91805 5.97588
852 2 6.77034
853 3.33333 8.12537
854 4.16441 1
855 1 2
856 2.9 5.12386
857 4.33944 6.51909
858 5.19763 7.65907
859 5.92867 1
860 2.9 3.33333
861 4.33944 5.05378
862 5.19763 6.46458
863 6.26135 1
864 1 2
865 3.33333 4.63158
866 4.84749 5.97588
867 5.97588 6.91805
868 6.77034 1
869 8.12537 3.33333
870 1 4.16441
871 2 1
872 5.31903 2.9
873 6.51909 4.33944
874 7.78963 5.19763
875 1 5.92867
876 3.33333 2.5
877 5.05378 4.33944
878 6.61927 5.19763
879 1 6.26135
880 2 1
881 4.63158 3.33333
882 5.97588 4.63158
883 6.91805 5.97588
884 2 6.77034
885 3.33333 8.12537
886 4.16441 1
887 1 2
888 2.9 5.12386
889 4.33944 6.51909
890 5.19763 7.65907
891 5.92867 1
892 2.9 3.33333
893 4.33944 5.05378
894 5.19763 6.46458
895 6.26135 1
896 1 2
897 3.33333 4.63158
898 4.84749 5.97588
899 5.97588 6.91805
900 6.77034 1
901 8.12537 3.33333
902 1 4.16441
903 2 1
904 5.31903 2.9
905 6.51909 4.33944
906 7.78963 5.19763
907 1 5.92867
908 3.33333 2.5
909 5.05378 4.33944
910 6.61927 5.19763
911 1 6.26135
912 2 1
913 4.63158 3.33333
914 5.97588 4.63158
915 6.91805 5.97588
916 2 6.77034
917 3.33333 8.12537
918 4.16441 1
919 1 2
920 2.9 5.12386
921 4.33944 6.51909
922 5.19763 7.65907
923 5.92867 1
924 2.9 3.33333
925 4.33944 5.05378
926 5.19763 6.46458
927 6.26135 1
928 1 2
929 3.33333 4.63158
930 4.84749 5.97588
931 5.97588 6.91805
932 6.77034 1
933 8.12537 3.33333
934 1 4.16441
935 2 1
936 5.31903 2.9
937 6.51909 4.33944
938 7.78963 5.19763
939 1 5.92867
940 3.33333 2.5
941 5.05378 4.33944
942 6.61927 5.19763
943 1 6.26135
944 2 1
945 4.63158 3.33333
946 5.97588 4.63158
947 6.91805 5.97588
948 2 6.77034
949 3.33333 8.12537
950 4.16441 1
951 1 2
952 2.9 5.12386
953 4.33944 6.51909
954 5.19763 7.65907
955 5.92867 1
956 2.9 3.33333
957 4.33944 5.05378
958 5.19763 6.46458
959 6.26135 1
960 1 2
961 3.33333 4.63158
962 4.84749 5.97588
963 5.97588 6.91805
964 6.77034 1
965 8.12537 3.33333
966 1 4.16441
967 2 1
968 5.31903 2.9
969 6.51909 4.33944
970 7.78963 5.19763
971 1 5.92867
972 3.33333 2.5
973 5.05378 4.33944
974 6.61927 5.19763
975 1 6.26135
976 2 1
977 4.63158 3.33333
978 5.97588 4.63158
979 6.91805 5.97588
980 2 6.77034
981 3.33333 8.12537
982 4.16441 1
983 1 2
984 2.9 5.12386
985 4.33944 6.51909
986 5.19763 7.65907
987 5.92867 1
988 2.9 3.33333
989 4.33944 5.05378
990 5.19763 6.46458
991 6.26135 1
992 1 2
993 3.33333 4.63158
994 4.84749 5.97588
995 5.97588 6.91805
996 6.77034 1
997 8.12537 3.33333
998 1 4.16441
999 2 1
