0 1 1
1 3.24483 2
2 2.5 3.24483
3 3.83446 4.99753
4 5.39003 6.09735
5 5.92867 7.30482
6 2.96434 3.91891
7 4.13958 4.85573
8 5.60773 5.98252
9 6.75539 6.77619
10 3.45171 3.46188
11 4.493 4.72286
12 5.51326 6.21163
13 6.6776 6.83233
14 3.41368 3.41616
15 4.6884 4.90339
16 5.67233 6.34869
17 6.80885 6.81005
18 3.40442 3.40503
19 4.89541 5.10008
20 6.01453 6.18112
21 6.80438 3.40233
22 3.69612 3.69625
23 5.09823 5.29447
24 6.1796 6.3415
25 6.8033 3.40168
26 3.96621 3.96624
27 5.29404 5.48296
28 6.34115 6.49886
29 6.80303 3.40153
30 4.21824 4.21825
31 5.0978 6.01294
32 6.49878 6.80298
33 3.40149 3.40149
34 4.45528 4.45528
35 5.29394 6.17923
36 6.65264 6.80296
37 3.40148 3.40148
38 4.67973 4.67973
39 5.48283 6.34106
40 6.80295 6.80295
41 3.40148 3.40148
42 4.89342 5.09777
43 6.01292 6.17923
44 6.80295 3.40148
45 3.69547 3.69547
46 5.09777 5.29394
47 6.17922 6.34106
48 6.80295 3.40148
49 3.96607 3.96607
50 5.29394 5.48283
51 6.34106 6.49876
52 6.80295 3.40148
53 4.21821 4.21821
54 5.09777 5.84173
55 6.34106 6.80295
56 3.40148 3.40148
57 4.45527 4.45527
58 5.29394 6.01292
59 6.49876 6.80295
60 3.40148 3.40148
61 4.67973 4.67973
62 5.48283 6.17922
63 6.65264 6.80295
64 3.40148 3.40148
65 4.67973 5.09777
66 6.01292 6.01292
67 6.80295 3.40148
68 3.69547 3.69547
69 4.89341 5.29394
70 6.17922 6.17922
71 6.80295 3.40148
72 3.96607 3.96607
73 5.09777 5.48283
74 6.34106 6.34106
75 6.80295 3.40148
76 4.21821 4.21821
77 5.09777 5.84173
78 6.34106 6.80295
79 3.40148 3.40148
80 4.45527 4.45527
81 5.29394 6.01292
82 6.49876 6.80295
83 3.40148 3.40148
84 4.67973 4.67973
85 5.48283 6.17922
86 6.65264 6.80295
87 3.40148 3.40148
88 4.67973 5.09777
89 6.01292 6.01292
90 6.80295 6.80295
91 3.40148 3.69547
92 4.89341 5.29394
93 6.17922 6.17922
94 6.80295 3.40148
95 3.69547 3.96607
96 5.09777 5.48283
97 6.34106 6.34106
98 6.80295 3.40148
99 3.96607 4.21821
100 5.09777 5.66522
101 6.17922 6.80295
102 3.40148 3.40148
103 4.21821 4.45527
104 5.29394 5.84173
105 6.34106 6.80295
106 3.40148 3.40148
107 4.45527 4.67973
108 5.48283 6.01292
109 6.49876 6.80295
110 3.40148 3.40148
111 4.45527 5.09777
112 6.01292 6.01292
113 6.80295 6.80295
114 3.40148 3.69547
115 4.67973 5.29394
116 6.17922 6.17922
117 6.80295 3.40148
118 3.69547 3.96607
119 4.89341 5.48283
120 6.34106 6.34106
121 6.80295 3.40148
122 3.96607 4.21821
123 5.09777 5.66522
124 6.17922 6.80295
125 3.40148 3.40148
126 4.21821 4.45527
127 5.29394 5.84173
128 6.34106 6.80295
129 3.40148 3.40148
130 4.45527 4.67973
131 5.48283 6.01292
132 6.49876 6.80295
133 3.40148 3.40148
134 4.45527 5.09777
135 5.84173 6.01292
136 6.80295 6.80295
137 3.40148 3.69547
138 4.67973 5.29394
139 6.01292 6.17922
140 6.80295 6.80295
141 3.40148 3.96607
142 4.89341 5.48283
143 6.17922 6.34106
144 6.80295 3.40148
145 3.69547 4.21821
146 5.09777 5.48283
147 6.01292 6.80295
148 3.40148 3.40148
149 3.96607 4.45527
150 5.29394 5.66522
151 6.17922 6.80295
152 3.40148 3.40148
153 4.21821 4.67973
154 5.48283 5.84173
155 6.34106 6.80295
156 3.40148 3.40148
157 4.21821 5.09777
158 5.84173 6.01292
159 6.80295 6.80295
160 3.40148 3.69547
161 4.45527 5.29394
162 6.01292 6.17922
163 6.80295 6.80295
164 3.40148 3.96607
165 4.67973 5.48283
166 6.17922 6.34106
167 6.80295 3.40148
168 3.69547 4.21821
169 5.09777 5.48283
170 6.01292 6.65264
171 6.80295 3.40148
172 3.96607 4.45527
173 5.29394 5.66522
174 6.17922 6.80295
175 3.40148 3.40148
176 4.21821 4.67973
177 5.48283 5.84173
178 6.34106 6.80295
179 3.40148 3.40148
180 4.21821 4.89341
181 5.66522 6.01292
182 6.80295 6.80295
183 3.40148 3.69547
184 4.45527 5.09777
185 5.84173 6.17922
186 6.80295 6.80295
187 3.40148 3.96607
188 4.67973 5.29394
189 6.01292 6.34106
190 6.80295 6.80295
191 3.40148 4.21821
192 5.09777 5.29394
193 6.01292 6.65264
194 6.80295 3.40148
195 3.69547 4.45527
196 5.29394 5.48283
197 6.17922 6.80295
198 3.40148 3.40148
199 3.96607 4.67973
200 5.48283 5.66522
201 6.34106 6.80295
202 3.40148 3.40148
203 4.21821 4.89341
204 5.66522 6.01292
205 6.80295 6.80295
206 3.40148 3.40148
207 4.45527 5.09777
208 5.84173 6.17922
209 6.80295 6.80295
210 3.40148 3.69547
211 4.67973 5.29394
212 6.01292 6.34106
213 6.80295 6.80295
214 3.40148 3.96607
215 5.09777 5.29394
216 6.01292 6.49876
217 6.80295 3.40148
218 3.69547 4.21821
219 5.29394 5.48283
220 6.17922 6.65264
221 6.80295 3.40148
222 3.96607 4.45527
223 5.48283 5.66522
224 6.34106 6.80295
225 3.40148 3.40148
226 4.21821 4.67973
227 5.48283 6.01292
228 6.80295 6.80295
229 3.40148 3.40148
230 4.45527 4.89341
231 5.66522 6.17922
232 6.80295 6.80295
233 3.40148 3.69547
234 4.67973 5.09777
235 5.84173 6.34106
236 6.80295 6.80295
237 3.40148 3.96607
238 5.09777 5.09777
239 6.01292 6.49876
240 6.80295 3.40148
241 3.69547 4.21821
242 5.29394 5.29394
243 6.17922 6.65264
244 6.80295 3.40148
245 3.96607 4.45527
246 5.48283 5.48283
247 6.34106 6.80295
248 3.40148 3.40148
249 4.21821 4.67973
250 5.48283 6.01292
251 6.65264 6.80295
252 3.40148 3.40148
253 4.45527 4.89341
254 5.66522 6.17922
255 6.80295 6.80295
256 3.40148 3.40148
257 4.67973 5.09777
258 5.84173 6.34106
259 6.80295 6.80295
260 3.40148 3.69547
261 5.09777 5.09777
262 6.01292 6.34106
263 6.80295 3.40148
264 3.69547 3.96607
265 5.29394 5.29394
266 6.17922 6.49876
267 6.80295 3.40148
268 3.96607 4.21821
269 5.48283 5.48283
270 6.34106 6.65264
271 6.80295 3.40148
272 4.21821 4.45527
273 5.29394 6.01292
274 6.65264 6.80295
275 3.40148 3.40148
276 4.45527 4.67973
277 5.48283 6.17922
278 6.80295 6.80295
279 3.40148 3.40148
280 4.67973 4.89341
281 5.66522 6.34106
282 6.80295 6.80295
283 3.40148 3.69547
284 5.09777 5.09777
285 6.01292 6.34106
286 6.80295 3.40148
287 3.69547 3.96607
288 5.29394 5.29394
289 6.17922 6.49876
290 6.80295 3.40148
291 3.96607 4.21821
292 5.48283 5.48283
293 6.34106 6.65264
294 6.80295 3.40148
295 4.21821 4.45527
296 5.29394 6.01292
297 6.49876 6.80295
298 3.40148 3.40148
299 4.45527 4.67973
300 5.48283 6.17922
301 6.65264 6.80295
302 3.40148 3.40148
303 4.67973 4.89341
304 5.66522 6.34106
305 6.80295 6.80295
306 3.40148 3.40148
307 4.89341 5.09777
308 6.01292 6.17922
309 6.80295 3.40148
310 3.69547 3.69547
311 5.09777 5.29394
312 6.17922 6.34106
313 6.80295 3.40148
314 3.96607 3.96607
315 5.29394 5.48283
316 6.34106 6.49876
317 6.80295 3.40148
318 4.21821 4.21821
319 5.09777 6.01292
320 6.49876 6.80295
321 3.40148 3.40148
322 4.45527 4.45527
323 5.29394 6.17922
324 6.65264 6.80295
325 3.40148 3.40148
326 4.67973 4.67973
327 5.48283 6.34106
328 6.80295 6.80295
329 3.40148 3.40148
330 4.89341 5.09777
331 6.01292 6.17922
332 6.80295 3.40148
333 3.69547 3.69547
334 5.09777 5.29394
335 6.17922 6.34106
336 6.80295 3.40148
337 3.96607 3.96607
338 5.29394 5.48283
339 6.34106 6.49876
340 6.80295 3.40148
341 4.21821 4.21821
342 5.09777 5.84173
343 6.34106 6.80295
344 3.40148 3.40148
345 4.45527 4.45527
346 5.29394 6.01292
347 6.49876 6.80295
348 3.40148 3.40148
349 4.67973 4.67973
350 5.48283 6.17922
351 6.65264 6.80295
352 3.40148 3.40148
353 4.67973 5.09777
354 6.01292 6.01292
355 6.80295 3.40148
356 3.69547 3.69547
357 4.89341 5.29394
358 6.17922 6.17922
359 6.80295 3.40148
360 3.96607 3.96607
361 5.09777 5.48283
362 6.34106 6.34106
363 6.80295 3.40148
364 4.21821 4.21821
365 5.09777 5.84173
366 6.34106 6.80295
367 3.40148 3.40148
368 4.45527 4.45527
369 5.29394 6.01292
370 6.49876 6.80295
371 3.40148 3.40148
372 4.67973 4.67973
373 5.48283 6.17922
374 6.65264 6.80295
375 3.40148 3.40148
376 4.67973 5.09777
377 6.01292 6.01292
378 6.80295 6.80295
379 3.40148 3.69547
380 4.89341 5.29394
381 6.17922 6.17922
382 6.80295 3.40148
383 3.69547 3.96607
384 5.09777 5.48283
385 6.34106 6.34106
386 6.80295 3.40148
387 3.96607 4.21821
388 5.09777 5.66522
389 6.17922 6.80295
390 3.40148 3.40148
391 4.21821 4.45527
392 5.29394 5.84173
393 6.34106 6.80295
394 3.40148 3.40148
395 4.45527 4.67973
396 5.48283 6.01292
397 6.49876 6.80295
398 3.40148 3.40148
399 4.45527 5.09777
400 6.01292 6.01292
401 6.80295 6.80295
402 3.40148 3.69547
403 4.67973 5.29394
404 6.17922 6.17922
405 6.80295 3.40148
406 3.69547 3.96607
407 4.89341 5.48283
408 6.34106 6.34106
409 6.80295 3.40148
410 3.96607 4.21821
411 5.09777 5.66522
412 6.17922 6.80295
413 3.40148 3.40148
414 4.21821 4.45527
415 5.29394 5.84173
416 6.34106 6.80295
417 3.40148 3.40148
418 4.45527 4.67973
419 5.48283 6.01292
420 6.49876 6.80295
421 3.40148 3.40148
422 4.45527 5.09777
423 5.84173 6.01292
424 6.80295 6.80295
425 3.40148 3.69547
426 4.67973 5.29394
427 6.01292 6.17922
428 6.80295 6.80295
429 3.40148 3.96607
430 4.89341 5.48283
431 6.17922 6.34106
432 6.80295 3.40148
433 3.69547 4.21821
434 5.09777 5.48283
435 6.01292 6.80295
436 3.40148 3.40148
437 3.96607 4.45527
438 5.29394 5.66522
439 6.17922 6.80295
440 3.40148 3.40148
441 4.21821 4.67973
442 5.48283 5.84173
443 6.34106 6.80295
444 3.40148 3.40148
445 4.21821 5.09777
446 5.84173 6.01292
447 6.80295 6.80295
448 3.40148 3.69547
449 4.45527 5.29394
450 6.01292 6.17922
451 6.80295 6.80295
452 3.40148 3.96607
453 4.67973 5.48283
454 6.17922 6.34106
455 6.80295 3.40148
456 3.69547 4.21821
457 5.09777 5.48283
458 6.01292 6.65264
459 6.80295 3.40148
460 3.96607 4.45527
461 5.29394 5.66522
462 6.17922 6.80295
463 3.40148 3.40148
464 4.21821 4.67973
465 5.48283 5.84173
466 6.34106 6.80295
467 3.40148 3.40148
468 4.21821 4.89341
469 5.66522 6.01292
470 6.80295 6.80295
471 3.40148 3.69547
472 4.45527 5.09777
473 5.84173 6.17922
474 6.80295 6.80295
475 3.40148 3.96607
476 4.67973 5.29394
477 6.01292 6.34106
478 6.80295 6.80295
479 3.40148 4.21821
480 5.09777 5.29394
481 6.01292 6.65264
482 6.80295 3.40148
483 3.69547 4.45527
484 5.29394 5.48283
485 6.17922 6.80295
486 3.40148 3.40148
487 3.96607 4.67973
488 5.48283 5.66522
489 6.34106 6.80295
490 3.40148 3.40148
491 4.21821 4.89341
492 5.66522 6.01292
493 6.80295 6.80295
494 3.40148 3.40148
495 4.45527 5.09777
496 5.84173 6.17922
497 6.80295 6.80295
498 3.40148 3.69547
499 4.67973 5.29394
500 6.01292 6.34106
501 6.80295 6.80295
502 3.40148 3.96607
503 5.09777 5.29394
504 6.01292 6.49876
505 6.80295 3.40148
506 3.69547 4.21821
507 5.29394 5.48283
508 6.17922 6.65264
509 6.80295 3.40148
510 3.96607 4.45527
511 5.48283 5.66522
512 6.34106 6.80295
513 3.40148 3.40148
514 4.21821 4.67973
515 5.48283 6.01292
516 6.80295 6.80295
517 3.40148 3.40148
518 4.45527 4.89341
519 5.66522 6.17922
520 6.80295 6.80295
521 3.40148 3.69547
522 4.67973 5.09777
523 5.84173 6.34106
524 6.80295 6.80295
525 3.40148 3.96607
526 5.09777 5.09777
527 6.01292 6.49876
528 6.80295 3.40148
529 3.69547 4.21821
530 5.29394 5.29394
531 6.17922 6.65264
532 6.80295 3.40148
533 3.96607 4.45527
534 5.48283 5.48283
535 6.34106 6.80295
536 3.40148 3.40148
537 4.21821 4.67973
538 5.48283 6.01292
539 6.65264 6.80295
540 3.40148 3.40148
541 4.45527 4.89341
542 5.66522 6.17922
543 6.80295 6.80295
544 3.40148 3.40148
545 4.67973 5.09777
546 5.84173 6.34106
547 6.80295 6.80295
548 3.40148 3.69547
549 5.09777 5.09777
550 6.01292 6.34106
551 6.80295 3.40148
552 3.69547 3.96607
553 5.29394 5.29394
554 6.17922 6.49876
555 6.80295 3.40148
556 3.96607 4.21821
557 5.48283 5.48283
558 6.34106 6.65264
559 6.80295 3.40148
560 4.21821 4.45527
561 5.29394 6.01292
562 6.65264 6.80295
563 3.40148 3.40148
564 4.45527 4.67973
565 5.48283 6.17922
566 6.80295 6.80295
567 3.40148 3.40148
568 4.67973 4.89341
569 5.66522 6.34106
570 6.80295 6.80295
571 3.40148 3.69547
572 5.09777 5.09777
573 6.01292 6.34106
574 6.80295 3.40148
575 3.69547 3.96607
576 5.29394 5.29394
577 6.17922 6.49876
578 6.80295 3.40148
579 3.96607 4.21821
580 5.48283 5.48283
581 6.34106 6.65264
582 6.80295 3.40148
583 4.21821 4.45527
584 5.29394 6.01292
585 6.49876 6.80295
586 3.40148 3.40148
587 4.45527 4.67973
588 5.48283 6.17922
589 6.65264 6.80295
590 3.40148 3.40148
591 4.67973 4.89341
592 5.66522 6.34106
593 6.80295 6.80295
594 3.40148 3.40148
595 4.89341 5.09777
596 6.01292 6.17922
597 6.80295 3.40148
598 3.69547 3.69547
599 5.09777 5.29394
600 6.17922 6.34106
601 6.80295 3.40148
602 3.96607 3.96607
603 5.29394 5.48283
604 6.34106 6.49876
605 6.80295 3.40148
606 4.21821 4.21821
607 5.09777 6.01292
608 6.49876 6.80295
609 3.40148 3.40148
610 4.45527 4.45527
611 5.29394 6.17922
612 6.65264 6.80295
613 3.40148 3.40148
614 4.67973 4.67973
615 5.48283 6.34106
616 6.80295 6.80295
617 3.40148 3.40148
618 4.89341 5.09777
619 6.01292 6.17922
620 6.80295 3.40148
621 3.69547 3.69547
622 5.09777 5.29394
623 6.17922 6.34106
624 6.80295 3.40148
625 3.96607 3.96607
626 5.29394 5.48283
627 6.34106 6.49876
628 6.80295 3.40148
629 4.21821 4.21821
630 5.09777 5.84173
631 6.34106 6.80295
632 3.40148 3.40148
633 4.45527 4.45527
634 5.29394 6.01292
635 6.49876 6.80295
636 3.40148 3.40148
637 4.67973 4.67973
638 5.48283 6.17922
639 6.65264 6.80295
640 3.40148 3.40148
641 4.67973 5.09777
642 6.01292 6.01292
643 6.80295 3.40148
644 3.69547 3.69547
645 4.89341 5.29394
646 6.17922 6.17922
647 6.80295 3.40148
648 3.96607 3.96607
649 5.09777 5.48283
650 6.34106 6.34106
651 6.80295 3.40148
652 4.21821 4.21821
653 5.09777 5.84173
654 6.34106 6.80295
655 3.40148 3.40148
656 4.45527 4.45527
657 5.29394 6.01292
658 6.49876 6.80295
659 3.40148 3.40148
660 4.67973 4.67973
661 5.48283 6.17922
662 6.65264 6.80295
663 3.40148 3.40148
664 4.67973 5.09777
665 6.01292 6.01292
666 6.80295 6.80295
667 3.40148 3.69547
668 4.89341 5.29394
669 6.17922 6.17922
670 6.80295 3.40148
671 3.69547 3.96607
672 5.09777 5.48283
673 6.34106 6.34106
674 6.80295 3.40148
675 3.96607 4.21821
676 5.09777 5.66522
677 6.17922 6.80295
678 3.40148 3.40148
679 4.21821 4.45527
680 5.29394 5.84173
681 6.34106 6.80295
682 3.40148 3.40148
683 4.45527 4.67973
684 5.48283 6.01292
685 6.49876 6.80295
686 3.40148 3.40148
687 4.45527 5.09777
688 6.01292 6.01292
689 6.80295 6.80295
690 3.40148 3.69547
691 4.67973 5.29394
692 6.17922 6.17922
693 6.80295 3.40148
694 3.69547 3.96607
695 4.89341 5.48283
696 6.34106 6.34106
697 6.80295 3.40148
698 3.96607 4.21821
699 5.09777 5.66522
700 6.17922 6.80295
701 3.40148 3.40148
702 4.21821 4.45527
703 5.29394 5.84173
704 6.34106 6.80295
705 3.40148 3.40148
706 4.45527 4.67973
707 5.48283 6.01292
708 6.49876 6.80295
709 3.40148 3.40148
710 4.45527 5.09777
711 5.84173 6.01292
712 6.80295 6.80295
713 3.40148 3.69547
714 4.67973 5.29394
715 6.01292 6.17922
716 6.80295 6.80295
717 3.40148 3.96607
718 4.89341 5.48283
719 6.17922 6.34106
720 6.80295 3.40148
721 3.69547 4.21821
722 5.09777 5.48283
723 6.01292 6.80295
724 3.40148 3.40148
725 3.96607 4.45527
726 5.29394 5.66522
727 6.17922 6.80295
728 3.40148 3.40148
729 4.21821 4.67973
730 5.48283 5.84173
731 6.34106 6.80295
732 3.40148 3.40148
733 4.21821 5.09777
734 5.84173 6.01292
735 6.80295 6.80295
736 3.40148 3.69547
737 4.45527 5.29394
738 6.01292 6.17922
739 6.80295 6.80295
740 3.40148 3.96607
741 4.67973 5.48283
742 6.17922 6.34106
743 6.80295 3.40148
744 3.69547 4.21821
745 5.09777 5.48283
746 6.01292 6.65264
747 6.80295 3.40148
748 3.96607 4.45527
749 5.29394 5.66522
750 6.17922 6.80295
751 3.40148 3.40148
752 4.21821 4.67973
753 5.48283 5.84173
754 6.34106 6.80295
755 3.40148 3.40148
756 4.21821 4.89341
757 5.66522 6.01292
758 6.80295 6.80295
759 3.40148 3.69547
760 4.45527 5.09777
761 5.84173 6.17922
762 6.80295 6.80295
763 3.40148 3.96607
764 4.67973 5.29394
765 6.01292 6.34106
766 6.80295 6.80295
767 3.40148 4.21821
768 5.09777 5.29394
769 6.01292 6.65264
770 6.80295 3.40148
771 3.69547 4.45527
772 5.29394 5.48283
773 6.17922 6.80295
774 3.40148 3.40148
775 3.96607 4.67973
776 5.48283 5.66522
777 6.34106 6.80295
778 3.40148 3.40148
779 4.21821 4.89341
780 5.66522 6.01292
781 6.80295 6.80295
782 3.40148 3.40148
783 4.45527 5.09777
784 5.84173 6.17922
785 6.80295 6.80295
786 3.40148 3.69547
787 4.67973 5.29394
788 6.01292 6.34106
789 6.80295 6.80295
790 3.40148 3.96607
791 5.09777 5.29394
792 6.01292 6.49876
793 6.80295 3.40148
794 3.69547 4.21821
795 5.29394 5.48283
796 6.17922 6.65264
797 6.80295 3.40148
798 3.96607 4.45527
799 5.48283 5.66522
800 6.34106 6.80295
801 3.40148 3.40148
802 4.21821 4.67973
803 5.48283 6.01292
804 6.80295 6.80295
805 3.40148 3.40148
806 4.45527 4.89341
807 5.66522 6.17922
808 6.80295 6.80295
809 3.40148 3.69547
810 4.67973 5.09777
811 5.84173 6.34106
812 6.80295 6.80295
813 3.40148 3.96607
814 5.09777 5.09777
815 6.01292 6.49876
816 6.80295 3.40148
817 3.69547 4.21821
818 5.29394 5.29394
819 6.17922 6.65264
820 6.80295 3.40148
821 3.96607 4.45527
822 5.48283 5.48283
823 6.34106 6.80295
824 3.40148 3.40148
825 4.21821 4.67973
826 5.48283 6.01292
827 6.65264 6.80295
828 3.40148 3.40148
829 4.45527 4.89341
830 5.66522 6.17922
831 6.80295 6.80295
832 3.40148 3.40148
833 4.67973 5.09777
834 5.84173 6.34106
835 6.80295 6.80295
836 3.40148 3.69547
837 5.09777 5.09777
838 6.01292 6.34106
839 6.80295 3.40148
840 3.69547 3.96607
841 5.29394 5.29394
842 6.17922 6.49876
843 6.80295 3.40148
844 3.96607 4.21821
845 5.48283 5.48283
846 6.34106 6.65264
847 6.80295 3.40148
848 4.21821 4.45527
849 5.29394 6.01292
850 6.65264 6.80295
851 3.40148 3.40148
852 4.45527 4.67973
853 5.48283 6.17922
854 6.80295 6.80295
855 3.40148 3.40148
856 4.67973 4.89341
857 5.66522 6.34106
858 6.80295 6.80295
859 3.40148 3.69547
860 5.09777 5.09777
861 6.01292 6.34106
862 6.80295 3.40148
863 3.69547 3.96607
864 5.29394 5.29394
865 6.17922 6.49876
866 6.80295 3.40148
867 3.96607 4.21821
868 5.48283 5.48283
869 6.34106 6.65264
870 6.80295 3.40148
871 4.21821 4.45527
872 5.29394 6.01292
873 6.49876 6.80295
874 3.40148 3.40148
875 4.45527 4.67973
876 5.48283 6.17922
877 6.65264 6.80295
878 3.40148 3.40148
879 4.67973 4.89341
880 5.66522 6.34106
881 6.80295 6.80295
882 3.40148 3.40148
883 4.89341 5.09777
884 6.01292 6.17922
885 6.80295 3.40148
886 3.69547 3.69547
887 5.09777 5.29394
888 6.17922 6.34106
889 6.80295 3.40148
890 3.96607 3.96607
891 5.29394 5.48283
892 6.34106 6.49876
893 6.80295 3.40148
894 4.21821 4.21821
895 5.09777 6.01292
896 6.49876 6.80295
897 3.40148 3.40148
898 4.45527 4.45527
899 5.29394 6.17922
900 6.65264 6.80295
901 3.40148 3.40148
902 4.67973 4.67973
903 5.48283 6.34106
904 6.80295 6.80295
905 3.40148 3.40148
906 4.89341 5.09777
907 6.01292 6.17922
908 6.80295 3.40148
909 3.69547 3.69547
910 5.09777 5.29394
911 6.17922 6.34106
912 6.80295 3.40148
913 3.96607 3.96607
914 5.29394 5.48283
915 6.34106 6.49876
916 6.80295 3.40148
917 4.21821 4.21821
918 5.09777 5.84173
919 6.34106 6.80295
920 3.40148 3.40148
921 4.45527 4.45527
922 5.29394 6.01292
923 6.49876 6.80295
924 3.40148 3.40148
925 4.67973 4.67973
926 5.48283 6.17922
927 6.65264 6.80295
928 3.40148 3.40148
929 4.67973 5.09777
930 6.01292 6.01292
931 6.80295 3.40148
932 3.69547 3.69547
933 4.89341 5.29394
934 6.17922 6.17922
935 6.80295 3.40148
936 3.96607 3.96607
937 5.09777 5.48283
938 6.34106 6.34106
939 6.80295 3.40148
940 4.21821 4.21821
941 5.09777 5.84173
942 6.34106 6.80295
943 3.40148 3.40148
944 4.45527 4.45527
945 5.29394 6.01292
946 6.49876 6.80295
947 3.40148 3.40148
948 4.67973 4.67973
949 5.48283 6.17922
950 6.65264 6.80295
951 3.40148 3.40148
952 4.67973 5.09777
953 6.01292 6.01292
954 6.80295 6.80295
955 3.40148 3.69547
956 4.89341 5.29394
957 6.17922 6.17922
958 6.80295 3.40148
959 3.69547 3.96607
960 5.09777 5.48283
961 6.34106 6.34106
962 6.80295 3.40148
963 3.96607 4.21821
964 5.09777 5.66522
965 6.17922 6.80295
966 3.40148 3.40148
967 4.21821 4.45527
968 5.29394 5.84173
969 6.34106 6.80295
970 3.40148 3.40148
971 4.45527 4.67973
972 5.48283 6.01292
973 6.49876 6.80295
974 3.40148 3.40148
975 4.45527 5.09777
976 6.01292 6.01292
977 6.80295 6.80295
978 3.40148 3.69547
979 4.67973 5.29394
980 6.17922 6.17922
981 6.80295 3.40148
982 3.69547 3.96607
983 4.89341 5.48283
984 6.34106 6.34106
985 6.80295 3.40148
986 3.96607 4.21821
987 5.09777 5.66522
988 6.17922 6.80295
989 3.40148 3.40148
990 4.21821 4.45527
991 5.29394 5.84173
992 6.34106 6.80295
993 3.40148 3.40148
994 4.45527 4.67973
995 5.48283 6.01292
996 6.49876 6.80295
997 3.40148 3.40148
998 4.45527 5.09777
999 5.84173 6.01292
