0 0 0
1 11 8
2 11 8
3 72 48
4 64 56
5 80 80
6 80 80
7 40 48
8 72 64
9 80 80
10 80 80
11 48 48
12 72 64
13 80 80
14 80 80
15 48 48
16 64 72
17 80 72
18 80 72
19 56 48
20 72 64
21 80 80
22 80 80
23 56 48
24 72 80
25 80 80
26 48 64
27 48 56
28 80 72
29 80 72
30 48 64
31 56 64
32 80 80
33 80 80
34 48 48
35 56 64
36 80 80
37 80 80
38 48 48
39 64 72
40 80 72
41 80 72
42 56 48
43 72 64
44 80 80
45 80 80
46 56 48
47 72 80
48 80 80
49 48 64
50 48 56
51 80 72
52 80 72
53 48 64
54 56 64
55 80 80
56 80 80
57 48 48
58 56 64
59 80 80
60 80 80
61 48 48
62 64 56
63 80 72
64 80 72
65 56 48
66 72 64
67 80 80
68 80 80
69 56 48
70 72 64
71 80 80
72 48 64
73 48 56
74 80 72
75 80 72
76 48 64
77 56 64
78 80 80
79 80 80
80 48 48
81 56 64
82 80 80
83 80 80
84 48 48
85 64 56
86 80 72
87 80 72
88 56 48
89 72 64
90 80 80
91 80 80
92 56 48
93 72 64
94 80 80
95 80 64
96 48 56
97 80 72
98 80 72
99 48 64
100 56 64
101 72 80
102 80 80
103 48 48
104 56 64
105 80 80
106 80 80
107 48 48
108 64 56
109 80 72
110 80 72
111 48 48
112 72 64
113 80 80
114 80 80
115 56 48
116 72 64
117 80 80
118 80 64
119 48 56
120 80 72
121 80 72
122 48 64
123 56 64
124 72 80
125 80 80
126 48 48
127 56 64
128 80 80
129 80 80
130 48 48
131 64 56
132 80 72
133 80 72
134 48 48
135 72 64
136 80 80
137 80 80
138 56 48
139 72 64
140 80 80
141 80 64
142 48 56
143 64 72
144 80 72
145 80 64
146 56 64
147 72 80
148 80 80
149 48 48
150 56 64
151 72 80
152 80 80
153 48 48
154 64 56
155 80 72
156 80 72
157 48 48
158 72 64
159 80 80
160 80 80
161 48 48
162 72 64
163 80 80
164 80 64
165 48 56
166 64 72
167 80 72
168 80 64
169 56 64
170 72 80
171 80 80
172 48 48
173 56 64
174 72 80
175 80 80
176 48 48
177 64 56
178 80 72
179 80 72
180 48 48
181 72 64
182 80 80
183 80 80
184 48 48
185 72 64
186 80 80
187 80 64
188 48 48
189 64 72
190 80 72
191 80 64
192 56 48
193 72 80
194 80 80
195 80 48
196 56 64
197 72 80
198 80 80
199 48 48
200 64 56
201 80 72
202 80 72
203 48 48
204 72 64
205 80 80
206 80 80
207 48 48
208 72 64
209 80 80
210 80 80
211 48 48
212 64 72
213 80 72
214 80 64
215 56 48
216 72 80
217 80 80
218 80 48
219 56 64
220 72 80
221 80 80
222 48 64
223 64 56
224 80 72
225 80 72
226 48 48
227 72 64
228 80 80
229 80 80
230 48 48
231 72 64
232 80 80
233 80 80
234 48 48
235 64 72
236 80 72
237 80 64
238 56 48
239 72 80
240 80 80
241 80 48
242 56 48
243 72 80
244 80 80
245 48 64
246 64 56
247 80 72
248 80 72
249 48 48
250 72 64
251 80 80
252 80 80
253 48 48
254 72 64
255 80 80
256 80 80
257 48 48
258 64 72
259 80 72
260 80 72
261 56 48
262 72 80
263 80 80
264 80 48
265 56 48
266 72 80
267 80 80
268 48 64
269 64 56
270 80 72
271 80 72
272 48 64
273 56 64
274 80 80
275 80 80
276 48 48
277 72 64
278 80 80
279 80 80
280 48 48
281 64 72
282 80 72
283 80 72
284 56 48
285 72 80
286 80 80
287 80 48
288 56 48
289 72 80
290 80 80
291 48 64
292 64 56
293 80 72
294 80 72
295 48 64
296 56 64
297 80 80
298 80 80
299 48 48
300 72 64
301 80 80
302 80 80
303 48 48
304 64 72
305 80 72
306 80 72
307 56 48
308 72 64
309 80 80
310 80 80
311 56 48
312 72 80
313 80 80
314 48 64
315 48 56
316 80 72
317 80 72
318 48 64
319 56 64
320 80 80
321 80 80
322 48 48
323 56 64
324 80 80
325 80 80
326 48 48
327 64 72
328 80 72
329 80 72
330 56 48
331 72 64
332 80 80
333 80 80
334 56 48
335 72 80
336 80 80
337 48 64
338 48 56
339 80 72
340 80 72
341 48 64
342 56 64
343 80 80
344 80 80
345 48 48
346 56 64
347 80 80
348 80 80
349 48 48
350 64 56
351 80 72
352 80 72
353 56 48
354 72 64
355 80 80
356 80 80
357 56 48
358 72 64
359 80 80
360 48 64
361 48 56
362 80 72
363 80 72
364 48 64
365 56 64
366 80 80
367 80 80
368 48 48
369 56 64
370 80 80
371 80 80
372 48 48
373 64 56
374 80 72
375 80 72
376 56 48
377 72 64
378 80 80
379 80 80
380 56 48
381 72 64
382 80 80
383 80 64
384 48 56
385 80 72
386 80 72
387 48 64
388 56 64
389 72 80
390 80 80
391 48 48
392 56 64
393 80 80
394 80 80
395 48 48
396 64 56
397 80 72
398 80 72
399 48 48
400 72 64
401 80 80
402 80 80
403 56 48
404 72 64
405 80 80
406 80 64
407 48 56
408 80 72
409 80 72
410 48 64
411 56 64
412 72 80
413 80 80
414 48 48
415 56 64
416 80 80
417 80 80
418 48 48
419 64 56
420 80 72
421 80 72
422 48 48
423 72 64
424 80 80
425 80 80
426 56 48
427 72 64
428 80 80
429 80 64
430 48 56
431 64 72
432 80 72
433 80 64
434 56 64
435 72 80
436 80 80
437 48 48
438 56 64
439 72 80
440 80 80
441 48 48
442 64 56
443 80 72
444 80 72
445 48 48
446 72 64
447 80 80
448 80 80
449 48 48
450 72 64
451 80 80
452 80 64
453 48 56
454 64 72
455 80 72
456 80 64
457 56 64
458 72 80
459 80 80
460 48 48
461 56 64
462 72 80
463 80 80
464 48 48
465 64 56
466 80 72
467 80 72
468 48 48
469 72 64
470 80 80
471 80 80
472 48 48
473 72 64
474 80 80
475 80 64
476 48 48
477 64 72
478 80 72
479 80 64
480 56 48
481 72 80
482 80 80
483 80 48
484 56 64
485 72 80
486 80 80
487 48 48
488 64 56
489 80 72
490 80 72
491 48 48
492 72 64
493 80 80
494 80 80
495 48 48
496 72 64
497 80 80
498 80 80
499 48 48
500 64 72
501 80 72
502 80 64
503 56 48
504 72 80
505 80 80
506 80 48
507 56 64
508 72 80
509 80 80
510 48 64
511 64 56
512 80 72
513 80 72
514 48 48
515 72 64
516 80 80
517 80 80
518 48 48
519 72 64
520 80 80
521 80 80
522 48 48
523 64 72
524 80 72
525 80 64
526 56 48
527 72 80
528 80 80
529 80 48
530 56 48
531 72 80
532 80 80
533 48 64
534 64 56
535 80 72
536 80 72
537 48 48
538 72 64
539 80 80
540 80 80
541 48 48
542 72 64
543 80 80
544 80 80
545 48 48
546 64 72
547 80 72
548 80 72
549 56 48
550 72 80
551 80 80
552 80 48
553 56 48
554 72 80
555 80 80
556 48 64
557 64 56
558 80 72
559 80 72
560 48 64
561 56 64
562 80 80
563 80 80
564 48 48
565 72 64
566 80 80
567 80 80
568 48 48
569 64 72
570 80 72
571 80 72
572 56 48
573 72 80
574 80 80
575 80 48
576 56 48
577 72 80
578 80 80
579 48 64
580 64 56
581 80 72
582 80 72
583 48 64
584 56 64
585 80 80
586 80 80
587 48 48
588 72 64
589 80 80
590 80 80
591 48 48
592 64 72
593 80 72
594 80 72
595 56 48
596 72 64
597 80 80
598 80 80
599 56 48
600 72 80
601 80 80
602 48 64
603 48 56
604 80 72
605 80 72
606 48 64
607 56 64
608 80 80
609 80 80
610 48 48
611 56 64
612 80 80
613 80 80
614 48 48
615 64 72
616 80 72
617 80 72
618 56 48
619 72 64
620 80 80
621 80 80
622 56 48
623 72 80
624 80 80
625 48 64
626 48 56
627 80 72
628 80 72
629 48 64
630 56 64
631 80 80
632 80 80
633 48 48
634 56 64
635 80 80
636 80 80
637 48 48
638 64 56
639 80 72
640 80 72
641 56 48
642 72 64
643 80 80
644 80 80
645 56 48
646 72 64
647 80 80
648 48 64
649 48 56
650 80 72
651 80 72
652 48 64
653 56 64
654 80 80
655 80 80
656 48 48
657 56 64
658 80 80
659 80 80
660 48 48
661 64 56
662 80 72
663 80 72
664 56 48
665 72 64
666 80 80
667 80 80
668 56 48
669 72 64
670 80 80
671 80 64
672 48 56
673 80 72
674 80 72
675 48 64
676 56 64
677 72 80
678 80 80
679 48 48
680 56 64
681 80 80
682 80 80
683 48 48
684 64 56
685 80 72
686 80 72
687 48 48
688 72 64
689 80 80
690 80 80
691 56 48
692 72 64
693 80 80
694 80 64
695 48 56
696 80 72
697 80 72
698 48 64
699 56 64
700 72 80
701 80 80
702 48 48
703 56 64
704 80 80
705 80 80
706 48 48
707 64 56
708 80 72
709 80 72
710 48 48
711 72 64
712 80 80
713 80 80
714 56 48
715 72 64
716 80 80
717 80 64
718 48 56
719 64 72
720 80 72
721 80 64
722 56 64
723 72 80
724 80 80
725 48 48
726 56 64
727 72 80
728 80 80
729 48 48
730 64 56
731 80 72
732 80 72
733 48 48
734 72 64
735 80 80
736 80 80
737 48 48
738 72 64
739 80 80
740 80 64
741 48 56
742 64 72
743 80 72
744 80 64
745 56 64
746 72 80
747 80 80
748 48 48
749 56 64
750 72 80
751 80 80
752 48 48
753 64 56
754 80 72
755 80 72
756 48 48
757 72 64
758 80 80
759 80 80
760 48 48
761 72 64
762 80 80
763 80 64
764 48 48
765 64 72
766 80 72
767 80 64
768 56 48
769 72 80
770 80 80
771 80 48
772 56 64
773 72 80
774 80 80
775 48 48
776 64 56
777 80 72
778 80 72
779 48 48
780 72 64
781 80 80
782 80 80
783 48 48
784 72 64
785 80 80
786 80 80
787 48 48
788 64 72
789 80 72
790 80 64
791 56 48
792 72 80
793 80 80
794 80 48
795 56 64
796 72 80
797 80 80
798 48 64
799 64 56
800 80 72
801 80 72
802 48 48
803 72 64
804 80 80
805 80 80
806 48 48
807 72 64
808 80 80
809 80 80
810 48 48
811 64 72
812 80 72
813 80 64
814 56 48
815 72 80
816 80 80
817 80 48
818 56 48
819 72 80
820 80 80
821 48 64
822 64 56
823 80 72
824 80 72
825 48 48
826 72 64
827 80 80
828 80 80
829 48 48
830 72 64
831 80 80
832 80 80
833 48 48
834 64 72
835 80 72
836 80 72
837 56 48
838 72 80
839 80 80
840 80 48
841 56 48
842 72 80
843 80 80
844 48 64
845 64 56
846 80 72
847 80 72
848 48 64
849 56 64
850 80 80
851 80 80
852 48 48
853 72 64
854 80 80
855 80 80
856 48 48
857 64 72
858 80 72
859 80 72
860 56 48
861 72 80
862 80 80
863 80 48
864 56 48
865 72 80
866 80 80
867 48 64
868 64 56
869 80 72
870 80 72
871 48 64
872 56 64
873 80 80
874 80 80
875 48 48
876 72 64
877 80 80
878 80 80
879 48 48
880 64 72
881 80 72
882 80 72
883 56 48
884 72 64
885 80 80
886 80 80
887 56 48
888 72 80
889 80 80
890 48 64
891 48 56
892 80 72
893 80 72
894 48 64
895 56 64
896 80 80
897 80 80
898 48 48
899 56 64
900 80 80
901 80 80
902 48 48
903 64 72
904 80 72
905 80 72
906 56 48
907 72 64
908 80 80
909 80 80
910 56 48
911 72 80
912 80 80
913 48 64
914 48 56
915 80 72
916 80 72
917 48 64
918 56 64
919 80 80
920 80 80
921 48 48
922 56 64
923 80 80
924 80 80
925 48 48
926 64 56
927 80 72
928 80 72
929 56 48
930 72 64
931 80 80
932 80 80
933 56 48
934 72 64
935 80 80
936 48 64
937 48 56
938 80 72
939 80 72
940 48 64
941 56 64
942 80 80
943 80 80
944 48 48
945 56 64
946 80 80
947 80 80
948 48 48
949 64 56
950 80 72
951 80 72
952 56 48
953 72 64
954 80 80
955 80 80
956 56 48
957 72 64
958 80 80
959 80 64
960 48 56
961 80 72
962 80 72
963 48 64
964 56 64
965 72 80
966 80 80
967 48 48
968 56 64
969 80 80
970 80 80
971 48 48
972 64 56
973 80 72
974 80 72
975 48 48
976 72 64
977 80 80
978 80 80
979 56 48
980 72 64
981 80 80
982 80 64
983 48 56
984 80 72
985 80 72
986 48 64
987 56 64
988 72 80
989 80 80
990 48 48
991 56 64
992 80 80
993 80 80
994 48 48
995 64 56
996 80 72
997 80 72
998 48 48
999 72 64
